0 	4.78818e-13 	-8.13582e-13 	4.52947e-08
0.010101 	-1.5093e-12 	-7.35722e-10 	3.98657e-05
0.020202 	-3.84429e-12 	-1.47064e-09 	7.96859e-05
0.030303 	-3.93447e-12 	-1.91693e-09 	9.17811e-05
0.040404 	-3.51591e-12 	-2.2978e-09 	9.7593e-05
0.0505051 	-2.92565e-12 	-2.36072e-09 	0.000101488
0.0606061 	-2.0016e-12 	-1.82111e-09 	0.000101756
0.0707071 	-1.07756e-12 	-1.28149e-09 	0.000102025
0.0808081 	-1.53519e-13 	-7.41878e-10 	0.000102293
0.0909091 	7.70523e-13 	-2.02264e-10 	0.000102562
0.10101 	9.5082e-13 	7.32027e-11 	0.000102708
0.111111 	1.02591e-12 	3.94718e-11 	0.00010271
0.121212 	1.101e-12 	5.74088e-12 	0.000102713
0.131313 	1.1761e-12 	-2.799e-11 	0.000102716
0.141414 	1.25119e-12 	-6.17209e-11 	0.000102718
0.151515 	1.35076e-12 	-6.41426e-11 	0.00010272
0.161616 	1.47309e-12 	-3.74755e-11 	0.00010272
0.171717 	1.59542e-12 	-1.08084e-11 	0.00010272
0.181818 	1.71774e-12 	1.58587e-11 	0.00010272
0.191919 	1.84007e-12 	4.25259e-11 	0.00010272
0.20202 	1.9067e-12 	5.27453e-11 	0.00010272
0.212121 	1.92399e-12 	4.91121e-11 	0.00010272
0.222222 	1.94128e-12 	4.54789e-11 	0.00010272
0.232323 	1.95878e-12 	4.18453e-11 	0.00010272
0.242424 	1.97644e-12 	3.82115e-11 	0.00010272
0.252525 	1.9941e-12 	3.45776e-11 	0.00010272
0.262626 	2.01177e-12 	3.09437e-11 	0.00010272
0.272727 	2.02943e-12 	2.73098e-11 	0.00010272
0.282828 	2.04709e-12 	2.3676e-11 	0.00010272
0.292929 	2.06476e-12 	2.00421e-11 	0.00010272
0.30303 	2.07413e-12 	1.73523e-11 	0.00010272
0.313131 	2.07502e-12 	1.54624e-11 	0.00010272
0.323232 	2.07591e-12 	1.35726e-11 	0.00010272
0.333333 	2.0768e-12 	1.16827e-11 	0.00010272
0.343434 	2.07769e-12 	9.7929e-12 	0.00010272
0.353535 	2.07858e-12 	7.90305e-12 	0.00010272
0.363636 	2.07947e-12 	6.0132e-12 	0.00010272
0.373737 	2.08036e-12 	4.12335e-12 	0.00010272
0.383838 	2.08125e-12 	2.23349e-12 	0.00010272
0.393939 	2.08214e-12 	3.43644e-13 	0.00010272
0.40404 	2.06082e-12 	-4.03723e-13 	0.00010272
0.414141 	2.02047e-12 	-1.28654e-13 	0.00010272
0.424242 	1.98012e-12 	1.46414e-13 	0.00010272
0.434343 	1.93977e-12 	4.21482e-13 	0.00010272
0.444444 	1.89942e-12 	6.9655e-13 	0.00010272
0.454545 	1.85907e-12 	9.71618e-13 	0.00010272
0.464646 	1.81871e-12 	1.24669e-12 	0.00010272
0.474747 	1.77836e-12 	1.52175e-12 	0.00010272
0.484848 	1.73801e-12 	1.79682e-12 	0.00010272
0.494949 	1.69766e-12 	2.07189e-12 	0.00010272
0.505051 	1.67726e-12 	2.33277e-12 	0.00010272
0.515152 	1.67551e-12 	2.57818e-12 	0.00010272
0.525253 	1.67377e-12 	2.82359e-12 	0.00010272
0.535354 	1.67202e-12 	3.069e-12 	0.00010272
0.545455 	1.67027e-12 	3.31441e-12 	0.00010272
0.555556 	1.66853e-12 	3.55982e-12 	0.00010272
0.565657 	1.66678e-12 	3.80523e-12 	0.00010272
0.575758 	1.66503e-12 	4.05064e-12 	0.00010272
0.585859 	1.66329e-12 	4.29605e-12 	0.00010272
0.59596 	1.66154e-12 	4.54145e-12 	0.00010272
0.606061 	1.6664e-12 	3.75053e-12 	0.00010272
0.616162 	1.68299e-12 	1.80479e-12 	0.00010272
0.626263 	1.69958e-12 	-1.40954e-13 	0.00010272
0.636364 	1.71617e-12 	-2.08669e-12 	0.00010272
0.646465 	1.73276e-12 	-4.03243e-12 	0.00010272
0.656566 	1.74935e-12 	-5.97817e-12 	0.00010272
0.666667 	1.76594e-12 	-7.92391e-12 	0.00010272
0.676768 	1.78253e-12 	-9.86965e-12 	0.00010272
0.686869 	1.79912e-12 	-1.18154e-11 	0.00010272
0.69697 	1.81571e-12 	-1.37611e-11 	0.00010272
0.707071 	2.00997e-12 	-1.65095e-11 	0.00010272
0.717172 	2.43123e-12 	-2.02244e-11 	0.00010272
0.727273 	2.85249e-12 	-2.39392e-11 	0.00010272
0.737374 	3.27376e-12 	-2.76541e-11 	0.00010272
0.747475 	3.69502e-12 	-3.13689e-11 	0.00010272
0.757576 	4.11628e-12 	-3.50838e-11 	0.00010272
0.767677 	4.53754e-12 	-3.87987e-11 	0.00010272
0.777778 	4.95881e-12 	-4.25135e-11 	0.00010272
0.787879 	5.38007e-12 	-4.62284e-11 	0.00010272
0.79798 	5.80034e-12 	-4.99417e-11 	0.00010272
0.808081 	5.90644e-12 	-4.012e-11 	0.00010272
0.818182 	5.64221e-12 	-1.43339e-11 	0.00010272
0.828283 	5.37799e-12 	1.14522e-11 	0.00010272
0.838384 	5.11377e-12 	3.72383e-11 	0.00010272
0.848485 	4.84955e-12 	6.30244e-11 	0.00010272
0.858586 	4.31315e-12 	6.04242e-11 	0.000102718
0.868687 	3.48598e-12 	2.75004e-11 	0.000102716
0.878788 	2.65882e-12 	-5.42343e-12 	0.000102713
0.888889 	1.83166e-12 	-3.83472e-11 	0.00010271
0.89899 	1.0045e-12 	-7.12711e-11 	0.000102708
0.909091 	1.91047e-12 	2.06154e-10 	0.000102561
0.919192 	3.65131e-12 	7.46406e-10 	0.000102293
0.929293 	5.39215e-12 	1.28666e-09 	0.000102024
0.939394 	7.13299e-12 	1.82691e-09 	0.000101756
0.949495 	8.87384e-12 	2.36716e-09 	0.000101487
0.959596 	8.60739e-12 	2.29948e-09 	9.75792e-05
0.969697 	7.28607e-12 	1.91433e-09 	9.17674e-05
0.979798 	5.75033e-12 	1.46417e-09 	7.95911e-05
0.989899 	3.28315e-12 	7.31578e-10 	3.9769e-05
