0 	3.98192e-15 	-6.0664e-15 	5.18995e-08
0.010101 	1.3985e-12 	-4.45147e-12 	4.54165e-05
0.020202 	2.79129e-12 	-8.89613e-12 	9.07807e-05
0.030303 	3.02061e-12 	-1.2304e-11 	9.95318e-05
0.040404 	2.98625e-12 	-1.54768e-11 	9.99853e-05
0.0505051 	2.77609e-12 	-1.62781e-11 	0.000100281
0.0606061 	2.23075e-12 	-1.25875e-11 	0.000100279
0.0707071 	1.68542e-12 	-8.89694e-12 	0.000100277
0.0808081 	1.14008e-12 	-5.20637e-12 	0.000100274
0.0909091 	5.94747e-13 	-1.5158e-12 	0.000100272
0.10101 	3.40962e-13 	4.71452e-13 	0.000100271
0.111111 	4.32828e-13 	4.63889e-13 	0.000100271
0.121212 	5.24694e-13 	4.56325e-13 	0.000100271
0.131313 	6.1656e-13 	4.48762e-13 	0.000100271
0.141414 	7.08426e-13 	4.41198e-13 	0.000100271
0.151515 	8.13105e-13 	4.7617e-13 	0.000100271
0.161616 	9.29687e-13 	5.5066e-13 	0.000100271
0.171717 	1.04627e-12 	6.2515e-13 	0.000100271
0.181818 	1.16285e-12 	6.9964e-13 	0.000100271
0.191919 	1.27943e-12 	7.7413e-13 	0.000100271
0.20202 	1.3499e-12 	8.03991e-13 	0.000100271
0.212121 	1.38152e-12 	7.96271e-13 	0.000100271
0.222222 	1.41315e-12 	7.88552e-13 	0.000100271
0.232323 	1.44477e-12 	7.80828e-13 	0.000100271
0.242424 	1.47639e-12 	7.73102e-13 	0.000100271
0.252525 	1.50801e-12 	7.65375e-13 	0.000100271
0.262626 	1.53963e-12 	7.57649e-13 	0.000100271
0.272727 	1.57126e-12 	7.49922e-13 	0.000100271
0.282828 	1.60288e-12 	7.42196e-13 	0.000100271
0.292929 	1.6345e-12 	7.34469e-13 	0.000100271
0.30303 	1.65666e-12 	7.6149e-13 	0.000100271
0.313131 	1.67079e-12 	8.17982e-13 	0.000100271
0.323232 	1.68492e-12 	8.74474e-13 	0.000100271
0.333333 	1.69905e-12 	9.30965e-13 	0.000100271
0.343434 	1.71318e-12 	9.87457e-13 	0.000100271
0.353535 	1.72731e-12 	1.04395e-12 	0.000100271
0.363636 	1.74144e-12 	1.10044e-12 	0.000100271
0.373737 	1.75557e-12 	1.15693e-12 	0.000100271
0.383838 	1.7697e-12 	1.21342e-12 	0.000100271
0.393939 	1.78383e-12 	1.26992e-12 	0.000100271
0.40404 	1.78882e-12 	1.33796e-12 	0.000100271
0.414141 	1.78564e-12 	1.41637e-12 	0.000100271
0.424242 	1.78246e-12 	1.49478e-12 	0.000100271
0.434343 	1.77927e-12 	1.57319e-12 	0.000100271
0.444444 	1.77609e-12 	1.6516e-12 	0.000100271
0.454545 	1.77291e-12 	1.73001e-12 	0.000100271
0.464646 	1.76973e-12 	1.80842e-12 	0.000100271
0.474747 	1.76655e-12 	1.88683e-12 	0.000100271
0.484848 	1.76337e-12 	1.96524e-12 	0.000100271
0.494949 	1.76019e-12 	2.04365e-12 	0.000100271
0.505051 	1.74551e-12 	2.10067e-12 	0.000100271
0.515152 	1.71933e-12 	2.1363e-12 	0.000100271
0.525253 	1.69315e-12 	2.17192e-12 	0.000100271
0.535354 	1.66697e-12 	2.20755e-12 	0.000100271
0.545455 	1.64079e-12 	2.24317e-12 	0.000100271
0.555556 	1.6146e-12 	2.2788e-12 	0.000100271
0.565657 	1.58842e-12 	2.31442e-12 	0.000100271
0.575758 	1.56224e-12 	2.35005e-12 	0.000100271
0.585859 	1.53606e-12 	2.38567e-12 	0.000100271
0.59596 	1.50988e-12 	2.4213e-12 	0.000100271
0.606061 	1.49577e-12 	2.43362e-12 	0.000100271
0.616162 	1.49524e-12 	2.42e-12 	0.000100271
0.626263 	1.49472e-12 	2.40638e-12 	0.000100271
0.636364 	1.49419e-12 	2.39276e-12 	0.000100271
0.646465 	1.49367e-12 	2.37914e-12 	0.000100271
0.656566 	1.49314e-12 	2.36552e-12 	0.000100271
0.666667 	1.49262e-12 	2.3519e-12 	0.000100271
0.676768 	1.49209e-12 	2.33828e-12 	0.000100271
0.686869 	1.49157e-12 	2.32466e-12 	0.000100271
0.69697 	1.49105e-12 	2.31104e-12 	0.000100271
0.707071 	1.73707e-12 	2.15691e-12 	0.000100271
0.717172 	2.27793e-12 	1.83779e-12 	0.000100271
0.727273 	2.8188e-12 	1.51867e-12 	0.000100271
0.737374 	3.35966e-12 	1.19956e-12 	0.000100271
0.747475 	3.90053e-12 	8.80438e-13 	0.000100271
0.757576 	4.44139e-12 	5.6132e-13 	0.000100271
0.767677 	4.98225e-12 	2.42202e-13 	0.000100271
0.777778 	5.52312e-12 	-7.69153e-14 	0.000100271
0.787879 	6.06398e-12 	-3.96033e-13 	0.000100271
0.79798 	6.60457e-12 	-7.15161e-13 	0.000100271
0.808081 	6.775e-12 	-1.38552e-12 	0.000100271
0.818182 	6.50877e-12 	-2.47048e-12 	0.000100271
0.828283 	6.24255e-12 	-3.55544e-12 	0.000100271
0.838384 	5.97632e-12 	-4.64039e-12 	0.000100271
0.848485 	5.7101e-12 	-5.72535e-12 	0.000100271
0.858586 	5.17683e-12 	-6.10359e-12 	0.000100271
0.868687 	4.35827e-12 	-5.72689e-12 	0.000100271
0.878788 	3.53972e-12 	-5.35019e-12 	0.000100271
0.888889 	2.72117e-12 	-4.97349e-12 	0.000100271
0.89899 	1.90262e-12 	-4.59679e-12 	0.000100271
0.909091 	2.0197e-12 	-1.97639e-12 	0.000100272
0.919192 	2.92844e-12 	2.54499e-12 	0.000100274
0.929293 	3.83719e-12 	7.06638e-12 	0.000100277
0.939394 	4.74593e-12 	1.15878e-11 	0.000100279
0.949495 	5.65468e-12 	1.61091e-11 	0.000100281
0.959596 	5.9354e-12 	1.50736e-11 	9.99842e-05
0.969697 	5.88915e-12 	1.11342e-11 	9.95308e-05
0.979798 	5.35073e-12 	7.25314e-12 	9.06725e-05
0.989899 	2.67445e-12 	3.6252e-12 	4.53063e-05
