0 	6.72577e-12 	1.57044e-11 	7.74509e-09
0.010101 	8.07492e-12 	1.58407e-08 	6.84108e-06
0.020202 	4.5755e-12 	3.16673e-08 	1.36744e-05
0.030303 	2.63494e-12 	3.7955e-08 	2.11939e-05
0.040404 	1.04765e-12 	4.20809e-08 	2.88689e-05
0.0505051 	-5.52061e-12 	4.12495e-08 	3.65404e-05
0.0606061 	-5.45065e-12 	3.10226e-08 	4.42132e-05
0.0707071 	-5.38069e-12 	2.07957e-08 	5.1886e-05
0.0808081 	-5.31073e-12 	1.05687e-08 	5.95588e-05
0.0909091 	-5.24077e-12 	3.41806e-10 	6.72316e-05
0.10101 	-6.24759e-12 	-4.6596e-09 	7.37205e-05
0.111111 	-5.39512e-12 	-3.54824e-09 	7.88221e-05
0.121212 	-4.54265e-12 	-2.43687e-09 	8.39237e-05
0.131313 	-3.69018e-12 	-1.3255e-09 	8.90253e-05
0.141414 	-2.83772e-12 	-2.14136e-10 	9.41269e-05
0.151515 	-1.87444e-12 	6.062e-10 	9.92135e-05
0.161616 	-8.08221e-13 	1.15614e-09 	0.000104286
0.171717 	2.58001e-13 	1.70609e-09 	0.000109359
0.181818 	1.32422e-12 	2.25603e-09 	0.000114432
0.191919 	2.39045e-12 	2.80597e-09 	0.000119505
0.20202 	3.08359e-12 	3.11991e-09 	0.000123851
0.212121 	3.35135e-12 	3.2349e-09 	0.000127585
0.222222 	3.61911e-12 	3.34989e-09 	0.000131319
0.232323 	3.91367e-12 	3.46487e-09 	0.000135053
0.242424 	4.23058e-12 	3.57984e-09 	0.000138787
0.252525 	4.54749e-12 	3.69481e-09 	0.000142521
0.262626 	4.8644e-12 	3.80978e-09 	0.000146255
0.272727 	5.18131e-12 	3.92475e-09 	0.000149989
0.282828 	5.49822e-12 	4.03972e-09 	0.000153723
0.292929 	5.81513e-12 	4.15468e-09 	0.000157457
0.30303 	5.41378e-12 	3.97083e-09 	0.000159851
0.313131 	4.34617e-12 	3.53362e-09 	0.00016111
0.323232 	3.27855e-12 	3.09641e-09 	0.000162368
0.333333 	2.21094e-12 	2.65919e-09 	0.000163627
0.343434 	1.14332e-12 	2.22198e-09 	0.000164886
0.353535 	7.57098e-14 	1.78476e-09 	0.000166144
0.363636 	-9.91904e-13 	1.34755e-09 	0.000167403
0.373737 	-2.05952e-12 	9.10336e-10 	0.000168661
0.383838 	-3.12713e-12 	4.73122e-10 	0.00016992
0.393939 	-4.19475e-12 	3.59078e-11 	0.000171178
0.40404 	-5.04204e-12 	-1.61098e-10 	0.000171964
0.414141 	-5.47993e-12 	-1.43164e-10 	0.000172326
0.424242 	-5.91782e-12 	-1.25229e-10 	0.000172688
0.434343 	-6.35571e-12 	-1.07295e-10 	0.00017305
0.444444 	-6.7936e-12 	-8.93608e-11 	0.000173412
0.454545 	-7.23149e-12 	-7.14264e-11 	0.000173774
0.464646 	-7.66938e-12 	-5.34921e-11 	0.000174135
0.474747 	-8.10727e-12 	-3.55577e-11 	0.000174497
0.484848 	-8.54516e-12 	-1.76234e-11 	0.000174859
0.494949 	-8.98305e-12 	3.10971e-13 	0.000175221
0.505051 	-8.69889e-12 	1.82999e-11 	0.000175221
0.515152 	-8.00403e-12 	3.60313e-11 	0.000174859
0.525253 	-7.30918e-12 	5.37627e-11 	0.000174497
0.535354 	-6.61432e-12 	7.14942e-11 	0.000174135
0.545455 	-5.91947e-12 	8.92256e-11 	0.000173773
0.555556 	-5.22461e-12 	1.06957e-10 	0.000173411
0.565657 	-4.52976e-12 	1.24688e-10 	0.000173048
0.575758 	-3.8349e-12 	1.4242e-10 	0.000172686
0.585859 	-3.14005e-12 	1.60151e-10 	0.000172324
0.59596 	-2.44519e-12 	1.77883e-10 	0.000171962
0.606061 	-1.72024e-12 	-1.9386e-11 	0.000171176
0.616162 	-7.94743e-13 	-4.5643e-10 	0.000169917
0.626263 	1.30757e-13 	-8.93475e-10 	0.000168658
0.636364 	1.05626e-12 	-1.33052e-09 	0.0001674
0.646465 	1.98176e-12 	-1.76756e-09 	0.000166141
0.656566 	2.90726e-12 	-2.20461e-09 	0.000164882
0.666667 	3.83276e-12 	-2.64165e-09 	0.000163623
0.676768 	4.75826e-12 	-3.0787e-09 	0.000162365
0.686869 	5.68376e-12 	-3.51574e-09 	0.000161106
0.69697 	6.60926e-12 	-3.95278e-09 	0.000159847
0.707071 	6.51742e-12 	-4.13637e-09 	0.00015745
0.717172 	6.18188e-12 	-4.02251e-09 	0.000153716
0.727273 	5.84633e-12 	-3.90865e-09 	0.000149981
0.737374 	5.51079e-12 	-3.79478e-09 	0.000146247
0.747475 	5.17525e-12 	-3.68092e-09 	0.000142513
0.757576 	4.8397e-12 	-3.56706e-09 	0.000138778
0.767677 	4.50416e-12 	-3.4532e-09 	0.000135044
0.777778 	4.16861e-12 	-3.33933e-09 	0.00013131
0.787879 	3.83281e-12 	-3.22547e-09 	0.000127575
0.79798 	3.44557e-12 	-3.11153e-09 	0.000123841
0.808081 	2.80748e-12 	-2.79846e-09 	0.000119492
0.818182 	1.75608e-12 	-2.2505e-09 	0.000114419
0.828283 	7.04685e-13 	-1.70255e-09 	0.000109346
0.838384 	-3.46711e-13 	-1.1546e-09 	0.000104273
0.848485 	-1.39811e-12 	-6.06645e-10 	9.92e-05
0.858586 	-2.37923e-12 	2.13299e-10 	9.41132e-05
0.868687 	-3.28529e-12 	1.3238e-09 	8.90115e-05
0.878788 	-4.19135e-12 	2.4343e-09 	8.39098e-05
0.888889 	-5.09741e-12 	3.5448e-09 	7.88081e-05
0.89899 	-6.00347e-12 	4.6553e-09 	7.37065e-05
0.909091 	-5.09064e-12 	-3.70302e-10 	6.72119e-05
0.919192 	-5.22521e-12 	-1.05956e-08 	5.95392e-05
0.929293 	-5.35979e-12 	-2.0821e-08 	5.18664e-05
0.939394 	-5.49437e-12 	-3.10463e-08 	4.41936e-05
0.949495 	-5.62894e-12 	-4.12717e-08 	3.65208e-05
0.959596 	9.56618e-13 	-4.20676e-08 	2.88495e-05
0.969697 	2.69963e-12 	-3.79404e-08 	2.11748e-05
0.979798 	4.74471e-12 	-3.16242e-08 	1.36575e-05
0.989899 	8.10187e-12 	-1.57996e-08 	6.8242e-06
