0 	6.4137e-12 	1.59468e-11 	9.51369e-09
0.010101 	7.65763e-12 	1.61236e-08 	8.40302e-06
0.020202 	4.27792e-12 	3.22328e-08 	1.67965e-05
0.030303 	1.73562e-12 	3.86182e-08 	2.58871e-05
0.040404 	-6.16889e-13 	4.27998e-08 	3.51356e-05
0.0505051 	-8.40162e-12 	4.19063e-08 	4.42267e-05
0.0606061 	-8.79452e-12 	3.13943e-08 	5.30295e-05
0.0707071 	-9.18741e-12 	2.08823e-08 	6.18323e-05
0.0808081 	-9.58031e-12 	1.03703e-08 	7.06351e-05
0.0909091 	-9.97321e-12 	-1.41643e-10 	7.94379e-05
0.10101 	-1.07708e-11 	-5.54877e-09 	8.649e-05
0.111111 	-9.97102e-12 	-4.98467e-09 	9.14913e-05
0.121212 	-9.17126e-12 	-4.42057e-09 	9.64926e-05
0.131313 	-8.3715e-12 	-3.85647e-09 	0.000101494
0.141414 	-7.57175e-12 	-3.29237e-09 	0.000106495
0.151515 	-6.51323e-12 	-2.49648e-09 	0.000110729
0.161616 	-5.21429e-12 	-1.48523e-09 	0.000114251
0.171717 	-3.91536e-12 	-4.73988e-10 	0.000117772
0.181818 	-2.61643e-12 	5.37257e-10 	0.000121294
0.191919 	-1.31749e-12 	1.5485e-09 	0.000124815
0.20202 	-3.34161e-13 	2.1064e-09 	0.000127437
0.212121 	1.9771e-13 	2.28218e-09 	0.000129301
0.222222 	7.29582e-13 	2.45796e-09 	0.000131164
0.232323 	1.29043e-12 	2.63374e-09 	0.000133028
0.242424 	1.87543e-12 	2.80952e-09 	0.000134892
0.252525 	2.46044e-12 	2.98531e-09 	0.000136755
0.262626 	3.04545e-12 	3.16109e-09 	0.000138619
0.272727 	3.63046e-12 	3.33688e-09 	0.000140483
0.282828 	4.21546e-12 	3.51266e-09 	0.000142347
0.292929 	4.80047e-12 	3.68844e-09 	0.00014421
0.30303 	4.62137e-12 	3.55249e-09 	0.000145242
0.313131 	3.70148e-12 	3.15227e-09 	0.000145569
0.323232 	2.7816e-12 	2.75204e-09 	0.000145896
0.333333 	1.86171e-12 	2.35181e-09 	0.000146223
0.343434 	9.41828e-13 	1.95159e-09 	0.00014655
0.353535 	2.19426e-14 	1.55136e-09 	0.000146877
0.363636 	-8.97943e-13 	1.15113e-09 	0.000147204
0.373737 	-1.81783e-12 	7.50908e-10 	0.000147531
0.383838 	-2.73771e-12 	3.50682e-10 	0.000147858
0.393939 	-3.6576e-12 	-4.95449e-11 	0.000148184
0.40404 	-4.29286e-12 	-2.2568e-10 	0.00014837
0.414141 	-4.472e-12 	-2.01299e-10 	0.000148428
0.424242 	-4.65113e-12 	-1.76919e-10 	0.000148486
0.434343 	-4.83026e-12 	-1.52538e-10 	0.000148544
0.444444 	-5.0094e-12 	-1.28158e-10 	0.000148603
0.454545 	-5.18853e-12 	-1.03777e-10 	0.000148661
0.464646 	-5.36767e-12 	-7.9397e-11 	0.000148719
0.474747 	-5.5468e-12 	-5.50165e-11 	0.000148777
0.484848 	-5.72593e-12 	-3.0636e-11 	0.000148836
0.494949 	-5.90507e-12 	-6.25554e-12 	0.000148894
0.505051 	-5.55469e-12 	1.80954e-11 	0.000148894
0.515152 	-4.97042e-12 	4.21206e-11 	0.000148836
0.525253 	-4.38615e-12 	6.61458e-11 	0.000148777
0.535354 	-3.80187e-12 	9.01711e-11 	0.000148719
0.545455 	-3.2176e-12 	1.14196e-10 	0.000148661
0.555556 	-2.63333e-12 	1.38222e-10 	0.000148603
0.565657 	-2.04905e-12 	1.62247e-10 	0.000148544
0.575758 	-1.46478e-12 	1.86272e-10 	0.000148486
0.585859 	-8.80506e-13 	2.10297e-10 	0.000148428
0.59596 	-2.96232e-13 	2.34322e-10 	0.00014837
0.606061 	2.74621e-13 	5.76369e-11 	0.000148184
0.616162 	1.10196e-12 	-3.42812e-10 	0.000147857
0.626263 	1.9293e-12 	-7.4326e-10 	0.00014753
0.636364 	2.75664e-12 	-1.14371e-09 	0.000147203
0.646465 	3.58398e-12 	-1.54416e-09 	0.000146876
0.656566 	4.41132e-12 	-1.94461e-09 	0.000146549
0.666667 	5.23866e-12 	-2.34505e-09 	0.000146222
0.676768 	6.066e-12 	-2.7455e-09 	0.000145895
0.686869 	6.89334e-12 	-3.14595e-09 	0.000145568
0.69697 	7.72068e-12 	-3.5464e-09 	0.000145241
0.707071 	7.17202e-12 	-3.68204e-09 	0.000144207
0.717172 	6.12621e-12 	-3.50732e-09 	0.000142343
0.727273 	5.08041e-12 	-3.3326e-09 	0.000140479
0.737374 	4.03461e-12 	-3.15787e-09 	0.000138615
0.747475 	2.98881e-12 	-2.98315e-09 	0.000136751
0.757576 	1.94301e-12 	-2.80843e-09 	0.000134887
0.767677 	8.97207e-13 	-2.63371e-09 	0.000133023
0.777778 	-1.48595e-13 	-2.45898e-09 	0.000131159
0.787879 	-1.1947e-12 	-2.28426e-09 	0.000129295
0.79798 	-2.3013e-12 	-2.10944e-09 	0.000127431
0.808081 	-3.72116e-12 	-1.55139e-09 	0.000124806
0.818182 	-5.58952e-12 	-5.41297e-10 	0.000121284
0.828283 	-7.45789e-12 	4.68794e-10 	0.000117763
0.838384 	-9.32625e-12 	1.47889e-09 	0.000114241
0.848485 	-1.11946e-11 	2.48898e-09 	0.000110719
0.858586 	-1.26372e-11 	3.28365e-09 	0.000106482
0.868687 	-1.36251e-11 	3.84818e-09 	0.000101481
0.878788 	-1.46129e-11 	4.41272e-09 	9.64793e-05
0.888889 	-1.56007e-11 	4.97726e-09 	9.14779e-05
0.89899 	-1.65885e-11 	5.5418e-09 	8.64764e-05
0.909091 	-1.54826e-11 	1.11619e-10 	7.9416e-05
0.919192 	-1.43161e-11 	-1.03988e-08 	7.06131e-05
0.929293 	-1.31496e-11 	-2.09093e-08 	6.18102e-05
0.939394 	-1.1983e-11 	-3.14198e-08 	5.30074e-05
0.949495 	-1.08165e-11 	-4.19302e-08 	4.42045e-05
0.959596 	-2.09372e-12 	-4.27875e-08 	3.51125e-05
0.969697 	1.38666e-12 	-3.86046e-08 	2.58642e-05
0.979798 	4.78982e-12 	-3.21901e-08 	1.67759e-05
0.989899 	7.85752e-12 	-1.60823e-08 	8.38232e-06
