0 	6.29599e-12 	1.43402e-11 	7.20234e-09
0.010101 	7.892e-12 	1.44666e-08 	6.36157e-06
0.020202 	4.94955e-12 	2.89204e-08 	1.27159e-05
0.030303 	3.30631e-12 	3.46387e-08 	1.97395e-05
0.040404 	1.95751e-12 	3.83772e-08 	2.69148e-05
0.0505051 	-3.92129e-12 	3.75856e-08 	3.41243e-05
0.0606061 	-3.85098e-12 	2.82077e-08 	4.14059e-05
0.0707071 	-3.78066e-12 	1.88298e-08 	4.86875e-05
0.0808081 	-3.71035e-12 	9.45187e-09 	5.59691e-05
0.0909091 	-3.64003e-12 	7.39673e-11 	6.32507e-05
0.10101 	-4.7062e-12 	-4.48585e-09 	6.95155e-05
0.111111 	-3.93263e-12 	-3.40947e-09 	7.45885e-05
0.121212 	-3.15905e-12 	-2.3331e-09 	7.96615e-05
0.131313 	-2.38547e-12 	-1.25673e-09 	8.47344e-05
0.141414 	-1.6119e-12 	-1.80356e-10 	8.98074e-05
0.151515 	-8.07138e-13 	5.67424e-10 	9.51036e-05
0.161616 	2.65922e-14 	1.00991e-09 	0.000100607
0.171717 	8.60323e-13 	1.4524e-09 	0.00010611
0.181818 	1.69405e-12 	1.89489e-09 	0.000111614
0.191919 	2.52778e-12 	2.33738e-09 	0.000117117
0.20202 	3.05116e-12 	2.60309e-09 	0.000122031
0.212121 	3.21714e-12 	2.71976e-09 	0.000126446
0.222222 	3.38313e-12 	2.83643e-09 	0.000130862
0.232323 	3.57229e-12 	2.95309e-09 	0.000135278
0.242424 	3.78078e-12 	3.06974e-09 	0.000139694
0.252525 	3.98927e-12 	3.18639e-09 	0.000144109
0.262626 	4.19776e-12 	3.30304e-09 	0.000148525
0.272727 	4.40625e-12 	3.41969e-09 	0.000152941
0.282828 	4.61474e-12 	3.53634e-09 	0.000157356
0.292929 	4.82323e-12 	3.65299e-09 	0.000161772
0.30303 	4.44438e-12 	3.49839e-09 	0.000164768
0.313131 	3.51138e-12 	3.11381e-09 	0.00016656
0.323232 	2.57838e-12 	2.72923e-09 	0.000168352
0.333333 	1.64538e-12 	2.34466e-09 	0.000170144
0.343434 	7.12376e-13 	1.96008e-09 	0.000171936
0.353535 	-2.20627e-13 	1.5755e-09 	0.000173728
0.363636 	-1.15363e-12 	1.19092e-09 	0.00017552
0.373737 	-2.08663e-12 	8.06341e-10 	0.000177312
0.383838 	-3.01963e-12 	4.21762e-10 	0.000179104
0.393939 	-3.95264e-12 	3.7183e-11 	0.000180896
0.40404 	-4.70583e-12 	-1.36152e-10 	0.000182049
0.414141 	-5.1127e-12 	-1.20464e-10 	0.000182629
0.424242 	-5.51957e-12 	-1.04775e-10 	0.000183209
0.434343 	-5.92645e-12 	-8.90869e-11 	0.00018379
0.444444 	-6.33332e-12 	-7.33984e-11 	0.00018437
0.454545 	-6.74019e-12 	-5.77099e-11 	0.00018495
0.464646 	-7.14706e-12 	-4.20214e-11 	0.00018553
0.474747 	-7.55394e-12 	-2.63329e-11 	0.00018611
0.484848 	-7.96081e-12 	-1.06444e-11 	0.00018669
0.494949 	-8.36768e-12 	5.04408e-12 	0.00018727
0.505051 	-8.12763e-12 	2.08022e-11 	0.00018727
0.515152 	-7.51243e-12 	3.63573e-11 	0.00018669
0.525253 	-6.89724e-12 	5.19125e-11 	0.000186109
0.535354 	-6.28205e-12 	6.74677e-11 	0.000185529
0.545455 	-5.66686e-12 	8.30228e-11 	0.000184948
0.555556 	-5.05167e-12 	9.8578e-11 	0.000184368
0.565657 	-4.43647e-12 	1.14133e-10 	0.000183787
0.575758 	-3.82128e-12 	1.29688e-10 	0.000183207
0.585859 	-3.20609e-12 	1.45244e-10 	0.000182626
0.59596 	-2.5909e-12 	1.60799e-10 	0.000182046
0.606061 	-1.94662e-12 	-1.26574e-11 	0.000180892
0.616162 	-1.10642e-12 	-3.96908e-10 	0.0001791
0.626263 	-2.66219e-13 	-7.81158e-10 	0.000177308
0.636364 	5.73981e-13 	-1.16541e-09 	0.000175515
0.646465 	1.41418e-12 	-1.54966e-09 	0.000173723
0.656566 	2.25438e-12 	-1.93391e-09 	0.000171931
0.666667 	3.09458e-12 	-2.31816e-09 	0.000170139
0.676768 	3.93478e-12 	-2.70241e-09 	0.000168347
0.686869 	4.77498e-12 	-3.08666e-09 	0.000166554
0.69697 	5.61519e-12 	-3.47091e-09 	0.000164762
0.707071 	5.64915e-12 	-3.62521e-09 	0.000161763
0.717172 	5.52783e-12 	-3.5096e-09 	0.000157347
0.727273 	5.4065e-12 	-3.39399e-09 	0.000152931
0.737374 	5.28518e-12 	-3.27838e-09 	0.000148515
0.747475 	5.16385e-12 	-3.16277e-09 	0.000144099
0.757576 	5.04253e-12 	-3.04715e-09 	0.000139683
0.767677 	4.9212e-12 	-2.93154e-09 	0.000135267
0.777778 	4.79988e-12 	-2.81593e-09 	0.000130851
0.787879 	4.67833e-12 	-2.70032e-09 	0.000126435
0.79798 	4.514e-12 	-2.58464e-09 	0.000122019
0.808081 	4.13051e-12 	-2.32022e-09 	0.000117104
0.818182 	3.38714e-12 	-1.88035e-09 	0.0001116
0.828283 	2.64376e-12 	-1.44048e-09 	0.000106097
0.838384 	1.90038e-12 	-1.00061e-09 	0.000100593
0.848485 	1.157e-12 	-5.60744e-10 	9.50892e-05
0.858586 	3.71757e-13 	1.86099e-10 	8.97938e-05
0.868687 	-4.58205e-13 	1.26087e-09 	8.47207e-05
0.878788 	-1.28817e-12 	2.33564e-09 	7.96477e-05
0.888889 	-2.11813e-12 	3.41041e-09 	7.45747e-05
0.89899 	-2.94809e-12 	4.48518e-09 	6.95017e-05
0.909091 	-2.06395e-12 	-9.73126e-11 	6.32321e-05
0.919192 	-2.35864e-12 	-9.47375e-09 	5.59505e-05
0.929293 	-2.65334e-12 	-1.88502e-08 	4.86689e-05
0.939394 	-2.94803e-12 	-2.82266e-08 	4.13873e-05
0.949495 	-3.24273e-12 	-3.76031e-08 	3.41058e-05
0.959596 	2.47282e-12 	-3.83626e-08 	2.68967e-05
0.969697 	3.77671e-12 	-3.46234e-08 	1.97217e-05
0.979798 	5.34042e-12 	-2.88795e-08 	1.27003e-05
0.989899 	8.03272e-12 	-1.44284e-08 	6.34588e-06
