0 	6.44521e-12 	1.48077e-11 	7.36536e-09
0.010101 	7.96953e-12 	1.49369e-08 	6.50559e-06
0.020202 	4.84772e-12 	2.98604e-08 	1.30038e-05
0.030303 	3.10653e-12 	3.57727e-08 	2.01766e-05
0.040404 	1.67823e-12 	3.96426e-08 	2.75023e-05
0.0505051 	-4.43673e-12 	3.88364e-08 	3.48512e-05
0.0606061 	-4.38683e-12 	2.91674e-08 	4.22516e-05
0.0707071 	-4.33693e-12 	1.94984e-08 	4.96521e-05
0.0808081 	-4.28703e-12 	9.82941e-09 	5.70525e-05
0.0909091 	-4.23713e-12 	1.60405e-10 	6.44529e-05
0.10101 	-5.31558e-12 	-4.54711e-09 	7.07869e-05
0.111111 	-4.55548e-12 	-3.45069e-09 	7.58708e-05
0.121212 	-3.79538e-12 	-2.35428e-09 	8.09548e-05
0.131313 	-3.03528e-12 	-1.25786e-09 	8.60388e-05
0.141414 	-2.27518e-12 	-1.6144e-10 	9.11227e-05
0.151515 	-1.4491e-12 	6.12562e-10 	9.63587e-05
0.161616 	-5.61714e-13 	1.08701e-09 	0.000101736
0.171717 	3.25669e-13 	1.56146e-09 	0.000107113
0.181818 	1.21305e-12 	2.03592e-09 	0.00011249
0.191919 	2.10044e-12 	2.51037e-09 	0.000117867
0.20202 	2.66387e-12 	2.79021e-09 	0.000122608
0.212121 	2.85433e-12 	2.90599e-09 	0.000126814
0.222222 	3.04479e-12 	3.02178e-09 	0.000131019
0.232323 	3.25966e-12 	3.13755e-09 	0.000135225
0.242424 	3.49488e-12 	3.25331e-09 	0.00013943
0.252525 	3.73011e-12 	3.36908e-09 	0.000143636
0.262626 	3.96534e-12 	3.48484e-09 	0.000147841
0.272727 	4.20056e-12 	3.6006e-09 	0.000152047
0.282828 	4.43579e-12 	3.71637e-09 	0.000156252
0.292929 	4.67101e-12 	3.83213e-09 	0.000160458
0.30303 	4.28537e-12 	3.66705e-09 	0.000163262
0.313131 	3.31703e-12 	3.26385e-09 	0.000164877
0.323232 	2.34869e-12 	2.86065e-09 	0.000166493
0.333333 	1.38035e-12 	2.45744e-09 	0.000168109
0.343434 	4.12012e-13 	2.05424e-09 	0.000169725
0.353535 	-5.56326e-13 	1.65104e-09 	0.000171341
0.363636 	-1.52466e-12 	1.24784e-09 	0.000172957
0.373737 	-2.493e-12 	8.44636e-10 	0.000174572
0.383838 	-3.46134e-12 	4.41434e-10 	0.000176188
0.393939 	-4.42968e-12 	3.82317e-11 	0.000177804
0.40404 	-5.20752e-12 	-1.43548e-10 	0.000178834
0.414141 	-5.62009e-12 	-1.27197e-10 	0.00017934
0.424242 	-6.03265e-12 	-1.10845e-10 	0.000179846
0.434343 	-6.44522e-12 	-9.44939e-11 	0.000180352
0.444444 	-6.85778e-12 	-7.81425e-11 	0.000180857
0.454545 	-7.27035e-12 	-6.1791e-11 	0.000181363
0.464646 	-7.68291e-12 	-4.54396e-11 	0.000181869
0.474747 	-8.09548e-12 	-2.90882e-11 	0.000182375
0.484848 	-8.50804e-12 	-1.27367e-11 	0.00018288
0.494949 	-8.92061e-12 	3.6147e-12 	0.000183386
0.505051 	-8.66214e-12 	2.00498e-11 	0.000183386
0.515152 	-8.01819e-12 	3.62824e-11 	0.00018288
0.525253 	-7.37423e-12 	5.25149e-11 	0.000182374
0.535354 	-6.73028e-12 	6.87475e-11 	0.000181868
0.545455 	-6.08633e-12 	8.498e-11 	0.000181362
0.555556 	-5.44238e-12 	1.01213e-10 	0.000180856
0.565657 	-4.79843e-12 	1.17445e-10 	0.00018035
0.575758 	-4.15448e-12 	1.33678e-10 	0.000179844
0.585859 	-3.51053e-12 	1.4991e-10 	0.000179338
0.59596 	-2.86658e-12 	1.66143e-10 	0.000178832
0.606061 	-2.19594e-12 	-1.57282e-11 	0.000177801
0.616162 	-1.33171e-12 	-4.18534e-10 	0.000176185
0.626263 	-4.6748e-13 	-8.21339e-10 	0.000174569
0.636364 	3.96753e-13 	-1.22415e-09 	0.000172953
0.646465 	1.26098e-12 	-1.62695e-09 	0.000171337
0.656566 	2.12522e-12 	-2.02976e-09 	0.00016972
0.666667 	2.98945e-12 	-2.43256e-09 	0.000168104
0.676768 	3.85368e-12 	-2.83537e-09 	0.000166488
0.686869 	4.71791e-12 	-3.23817e-09 	0.000164872
0.69697 	5.58215e-12 	-3.64098e-09 	0.000163256
0.707071 	5.57329e-12 	-3.80573e-09 	0.000160449
0.717172 	5.38364e-12 	-3.69106e-09 	0.000156243
0.727273 	5.19398e-12 	-3.5764e-09 	0.000152038
0.737374 	5.00432e-12 	-3.46173e-09 	0.000147832
0.747475 	4.81466e-12 	-3.34707e-09 	0.000143626
0.757576 	4.62501e-12 	-3.2324e-09 	0.00013942
0.767677 	4.43535e-12 	-3.11774e-09 	0.000135215
0.777778 	4.24569e-12 	-3.00307e-09 	0.000131009
0.787879 	4.05581e-12 	-2.8884e-09 	0.000126803
0.79798 	3.82025e-12 	-2.77366e-09 	0.000122597
0.808081 	3.36154e-12 	-2.49505e-09 	0.000117854
0.818182 	2.53205e-12 	-2.02313e-09 	0.000112477
0.828283 	1.70256e-12 	-1.55121e-09 	0.000107099
0.838384 	8.73069e-13 	-1.07929e-09 	0.000101722
0.848485 	4.35799e-14 	-6.07369e-10 	9.63447e-05
0.858586 	-7.91806e-13 	1.65844e-10 	9.11091e-05
0.868687 	-1.63349e-12 	1.26091e-09 	8.60251e-05
0.878788 	-2.47518e-12 	2.35598e-09 	8.09411e-05
0.888889 	-3.31686e-12 	3.45105e-09 	7.5857e-05
0.89899 	-4.15854e-12 	4.54612e-09 	7.0773e-05
0.909091 	-3.26111e-12 	-1.8463e-10 	6.4434e-05
0.919192 	-3.5123e-12 	-9.85217e-09 	5.70336e-05
0.929293 	-3.76348e-12 	-1.95197e-08 	4.96332e-05
0.939394 	-4.01466e-12 	-2.91873e-08 	4.22328e-05
0.949495 	-4.26584e-12 	-3.88548e-08 	3.48324e-05
0.959596 	1.73323e-12 	-3.96279e-08 	2.74838e-05
0.969697 	3.17983e-12 	-3.57571e-08 	2.01584e-05
0.979798 	4.92248e-12 	-2.98185e-08 	1.29878e-05
0.989899 	7.95116e-12 	-1.48975e-08 	6.48953e-06
