0 	6.90382e-12 	1.633e-11 	8.15214e-09
0.010101 	7.97556e-12 	1.64753e-08 	7.20074e-06
0.020202 	4.07011e-12 	3.2936e-08 	1.43933e-05
0.030303 	1.87377e-12 	3.94908e-08 	2.22824e-05
0.040404 	6.47743e-14 	4.38008e-08 	3.03293e-05
0.0505051 	-6.97198e-12 	4.29548e-08 	3.83421e-05
0.0606061 	-6.9883e-12 	3.2337e-08 	4.6299e-05
0.0707071 	-7.00463e-12 	2.17192e-08 	5.42558e-05
0.0808081 	-7.02095e-12 	1.11013e-08 	6.22126e-05
0.0909091 	-7.03728e-12 	4.83522e-10 	7.01694e-05
0.10101 	-8.03069e-12 	-4.74596e-09 	7.68142e-05
0.111111 	-7.13777e-12 	-3.67225e-09 	8.19216e-05
0.121212 	-6.24484e-12 	-2.59854e-09 	8.70291e-05
0.131313 	-5.35192e-12 	-1.52482e-09 	9.21365e-05
0.141414 	-4.459e-12 	-4.51113e-10 	9.72439e-05
0.151515 	-3.36066e-12 	3.94231e-10 	0.000102156
0.161616 	-2.07149e-12 	1.0274e-09 	0.000106887
0.171717 	-7.82308e-13 	1.66057e-09 	0.000111618
0.181818 	5.06871e-13 	2.29374e-09 	0.000116348
0.191919 	1.79605e-12 	2.92691e-09 	0.000121079
0.20202 	2.6748e-12 	3.27972e-09 	0.000125009
0.212121 	3.08206e-12 	3.39621e-09 	0.000128263
0.222222 	3.48932e-12 	3.51271e-09 	0.000131517
0.232323 	3.9251e-12 	3.62919e-09 	0.000134772
0.242424 	4.38467e-12 	3.74566e-09 	0.000138026
0.252525 	4.84424e-12 	3.86213e-09 	0.00014128
0.262626 	5.30381e-12 	3.9786e-09 	0.000144534
0.272727 	5.76337e-12 	4.09507e-09 	0.000147789
0.282828 	6.22294e-12 	4.21154e-09 	0.000151043
0.292929 	6.68251e-12 	4.32801e-09 	0.000154297
0.30303 	6.33305e-12 	4.13453e-09 	0.000156304
0.313131 	5.23784e-12 	3.67825e-09 	0.000157252
0.323232 	4.14263e-12 	3.22197e-09 	0.000158201
0.333333 	3.04741e-12 	2.76569e-09 	0.00015915
0.343434 	1.9522e-12 	2.30941e-09 	0.000160098
0.353535 	8.56989e-13 	1.85312e-09 	0.000161047
0.363636 	-2.38223e-13 	1.39684e-09 	0.000161996
0.373737 	-1.33344e-12 	9.40561e-10 	0.000162944
0.383838 	-2.42865e-12 	4.84279e-10 	0.000163893
0.393939 	-3.52386e-12 	2.79971e-11 	0.000164842
0.40404 	-4.38368e-12 	-1.77167e-10 	0.00016542
0.414141 	-4.81021e-12 	-1.57629e-10 	0.000165668
0.424242 	-5.23675e-12 	-1.38092e-10 	0.000165915
0.434343 	-5.66329e-12 	-1.18554e-10 	0.000166162
0.444444 	-6.08983e-12 	-9.90169e-11 	0.000166409
0.454545 	-6.51637e-12 	-7.94794e-11 	0.000166656
0.464646 	-6.94291e-12 	-5.99419e-11 	0.000166903
0.474747 	-7.36945e-12 	-4.04044e-11 	0.00016715
0.484848 	-7.79599e-12 	-2.08668e-11 	0.000167397
0.494949 	-8.22253e-12 	-1.32933e-12 	0.000167644
0.505051 	-7.92046e-12 	1.82515e-11 	0.000167644
0.515152 	-7.2164e-12 	3.75483e-11 	0.000167397
0.525253 	-6.51235e-12 	5.68452e-11 	0.00016715
0.535354 	-5.80829e-12 	7.6142e-11 	0.000166903
0.545455 	-5.10424e-12 	9.54388e-11 	0.000166655
0.555556 	-4.40019e-12 	1.14736e-10 	0.000166408
0.565657 	-3.69613e-12 	1.34032e-10 	0.000166161
0.575758 	-2.99208e-12 	1.53329e-10 	0.000165914
0.585859 	-2.28802e-12 	1.72626e-10 	0.000165667
0.59596 	-1.58397e-12 	1.91923e-10 	0.000165419
0.606061 	-8.51359e-13 	-1.35537e-11 	0.00016484
0.616162 	8.75664e-14 	-4.69696e-10 	0.000163891
0.626263 	1.02649e-12 	-9.25839e-10 	0.000162942
0.636364 	1.96542e-12 	-1.38198e-09 	0.000161993
0.646465 	2.90434e-12 	-1.83812e-09 	0.000161045
0.656566 	3.84327e-12 	-2.29427e-09 	0.000160096
0.666667 	4.78219e-12 	-2.75041e-09 	0.000159147
0.676768 	5.72112e-12 	-3.20655e-09 	0.000158198
0.686869 	6.66005e-12 	-3.66269e-09 	0.000157249
0.69697 	7.59897e-12 	-4.11884e-09 	0.0001563
0.707071 	7.38715e-12 	-4.31201e-09 	0.000154291
0.717172 	6.85617e-12 	-4.19666e-09 	0.000151036
0.727273 	6.32519e-12 	-4.08131e-09 	0.000147782
0.737374 	5.79421e-12 	-3.96595e-09 	0.000144527
0.747475 	5.26322e-12 	-3.8506e-09 	0.000141273
0.757576 	4.73224e-12 	-3.73525e-09 	0.000138018
0.767677 	4.20126e-12 	-3.61989e-09 	0.000134763
0.777778 	3.67028e-12 	-3.50454e-09 	0.000131509
0.787879 	3.13902e-12 	-3.38919e-09 	0.000128254
0.79798 	2.55192e-12 	-3.27374e-09 	0.000125
0.808081 	1.68202e-12 	-2.92162e-09 	0.000121068
0.818182 	3.59057e-13 	-2.29033e-09 	0.000116337
0.828283 	-9.6391e-13 	-1.65904e-09 	0.000111606
0.838384 	-2.28688e-12 	-1.02775e-09 	0.000106874
0.848485 	-3.60984e-12 	-3.96452e-10 	0.000102143
0.858586 	-4.73977e-12 	4.4844e-10 	9.72303e-05
0.868687 	-5.66349e-12 	1.52151e-09 	9.21227e-05
0.878788 	-6.58722e-12 	2.59458e-09 	8.70152e-05
0.888889 	-7.51094e-12 	3.66765e-09 	8.19076e-05
0.89899 	-8.43466e-12 	4.74072e-09 	7.68e-05
0.909091 	-7.4716e-12 	-5.13609e-10 	7.0149e-05
0.919192 	-7.42336e-12 	-1.11298e-08 	6.21922e-05
0.929293 	-7.37511e-12 	-2.1746e-08 	5.42354e-05
0.939394 	-7.32687e-12 	-3.23623e-08 	4.62786e-05
0.949495 	-7.27862e-12 	-4.29785e-08 	3.83218e-05
0.959596 	-1.29633e-13 	-4.37875e-08 	3.0309e-05
0.969697 	1.93391e-12 	-3.94761e-08 	2.22624e-05
0.979798 	4.30878e-12 	-3.28915e-08 	1.43756e-05
0.989899 	8.03598e-12 	-1.64328e-08 	7.18297e-06
