0 	6.40765e-12 	1.46891e-11 	7.32254e-09
0.010101 	8.01824e-12 	1.48176e-08 	6.46776e-06
0.020202 	5.00985e-12 	2.96219e-08 	1.29282e-05
0.030303 	3.28526e-12 	3.54849e-08 	2.00618e-05
0.040404 	1.85164e-12 	3.93214e-08 	2.7348e-05
0.0505051 	-4.23154e-12 	3.85188e-08 	3.46604e-05
0.0606061 	-4.21049e-12 	2.89236e-08 	4.20297e-05
0.0707071 	-4.18944e-12 	1.93284e-08 	4.9399e-05
0.0808081 	-4.16839e-12 	9.73312e-09 	5.67683e-05
0.0909091 	-4.14734e-12 	1.37885e-10 	6.41376e-05
0.10101 	-5.23809e-12 	-4.53199e-09 	7.04535e-05
0.111111 	-4.46767e-12 	-3.4402e-09 	7.55348e-05
0.121212 	-3.69725e-12 	-2.34841e-09 	8.06161e-05
0.131313 	-2.92683e-12 	-1.25662e-09 	8.56974e-05
0.141414 	-2.15641e-12 	-1.64823e-10 	9.07787e-05
0.151515 	-1.33539e-12 	6.02576e-10 	9.60306e-05
0.161616 	-4.67355e-13 	1.06859e-09 	0.000101441
0.171717 	4.00682e-13 	1.5346e-09 	0.000106852
0.181818 	1.26872e-12 	2.00061e-09 	0.000112262
0.191919 	2.13676e-12 	2.46662e-09 	0.000117673
0.20202 	2.68633e-12 	2.74274e-09 	0.000122459
0.212121 	2.86867e-12 	2.85877e-09 	0.000126719
0.222222 	3.05102e-12 	2.9748e-09 	0.00013098
0.232323 	3.25746e-12 	3.09082e-09 	0.00013524
0.242424 	3.48399e-12 	3.20683e-09 	0.0001395
0.252525 	3.71052e-12 	3.32284e-09 	0.00014376
0.262626 	3.93705e-12 	3.43885e-09 	0.000148021
0.272727 	4.16359e-12 	3.55486e-09 	0.000152281
0.282828 	4.39012e-12 	3.67087e-09 	0.000156541
0.292929 	4.61665e-12 	3.78688e-09 	0.000160801
0.30303 	4.23285e-12 	3.62445e-09 	0.000163655
0.313131 	3.27533e-12 	3.22595e-09 	0.000165315
0.323232 	2.31781e-12 	2.82744e-09 	0.000166976
0.333333 	1.3603e-12 	2.42893e-09 	0.000168637
0.343434 	4.0278e-13 	2.03042e-09 	0.000170297
0.353535 	-5.54738e-13 	1.63191e-09 	0.000171958
0.363636 	-1.51226e-12 	1.23341e-09 	0.000173619
0.373737 	-2.46977e-12 	8.34898e-10 	0.000175279
0.383838 	-3.42729e-12 	4.3639e-10 	0.00017694
0.393939 	-4.38481e-12 	3.78817e-11 	0.000178601
0.40404 	-5.15517e-12 	-1.41774e-10 	0.000179662
0.414141 	-5.56563e-12 	-1.25599e-10 	0.000180187
0.424242 	-5.97609e-12 	-1.09423e-10 	0.000180711
0.434343 	-6.38654e-12 	-9.32474e-11 	0.000181236
0.444444 	-6.797e-12 	-7.70718e-11 	0.00018176
0.454545 	-7.20746e-12 	-6.08961e-11 	0.000182285
0.464646 	-7.61791e-12 	-4.47205e-11 	0.000182809
0.474747 	-8.02837e-12 	-2.85448e-11 	0.000183334
0.484848 	-8.43883e-12 	-1.23692e-11 	0.000183858
0.494949 	-8.84928e-12 	3.80645e-12 	0.000184383
0.505051 	-8.59563e-12 	2.00631e-11 	0.000184383
0.515152 	-7.95993e-12 	3.61181e-11 	0.000183858
0.525253 	-7.32424e-12 	5.21731e-11 	0.000183333
0.535354 	-6.68855e-12 	6.8228e-11 	0.000182808
0.545455 	-6.05285e-12 	8.4283e-11 	0.000182284
0.555556 	-5.41716e-12 	1.00338e-10 	0.000181759
0.565657 	-4.78147e-12 	1.16393e-10 	0.000181234
0.575758 	-4.14577e-12 	1.32448e-10 	0.000180709
0.585859 	-3.51008e-12 	1.48503e-10 	0.000180184
0.59596 	-2.87439e-12 	1.64558e-10 	0.00017966
0.606061 	-2.21242e-12 	-1.51919e-11 	0.000178597
0.616162 	-1.35745e-12 	-4.13312e-10 	0.000176936
0.626263 	-5.02474e-13 	-8.11433e-10 	0.000175276
0.636364 	3.52498e-13 	-1.20955e-09 	0.000173615
0.646465 	1.20747e-12 	-1.60767e-09 	0.000171954
0.656566 	2.06244e-12 	-2.00579e-09 	0.000170293
0.666667 	2.91741e-12 	-2.40391e-09 	0.000168632
0.676768 	3.77238e-12 	-2.80203e-09 	0.000166971
0.686869 	4.62736e-12 	-3.20015e-09 	0.00016531
0.69697 	5.48233e-12 	-3.59828e-09 	0.000163649
0.707071 	5.48312e-12 	-3.76038e-09 	0.000160792
0.717172 	5.31173e-12 	-3.64548e-09 	0.000156532
0.727273 	5.14034e-12 	-3.53058e-09 	0.000152271
0.737374 	4.96896e-12 	-3.41567e-09 	0.000148011
0.747475 	4.79757e-12 	-3.30077e-09 	0.00014375
0.757576 	4.62618e-12 	-3.18587e-09 	0.00013949
0.767677 	4.45479e-12 	-3.07096e-09 	0.000135229
0.777778 	4.28341e-12 	-2.95606e-09 	0.000130969
0.787879 	4.11179e-12 	-2.84116e-09 	0.000126709
0.79798 	3.89525e-12 	-2.72618e-09 	0.000122448
0.808081 	3.45782e-12 	-2.45132e-09 	0.000117659
0.818182 	2.65381e-12 	-1.98787e-09 	0.000112249
0.828283 	1.84981e-12 	-1.52441e-09 	0.000106838
0.838384 	1.0458e-12 	-1.06096e-09 	0.000101427
0.848485 	2.41799e-13 	-5.97509e-10 	9.60165e-05
0.858586 	-5.6586e-13 	1.69093e-10 	9.0765e-05
0.868687 	-1.37742e-12 	1.25954e-09 	8.56837e-05
0.878788 	-2.18898e-12 	2.34998e-09 	8.06023e-05
0.888889 	-3.00055e-12 	3.44042e-09 	7.5521e-05
0.89899 	-3.81211e-12 	4.53086e-09 	7.04397e-05
0.909091 	-2.90645e-12 	-1.62059e-10 	6.41188e-05
0.919192 	-3.17061e-12 	-9.7558e-09 	5.67495e-05
0.929293 	-3.43477e-12 	-1.93495e-08 	4.93802e-05
0.939394 	-3.69893e-12 	-2.89433e-08 	4.20109e-05
0.949495 	-3.96308e-12 	-3.8537e-08 	3.46416e-05
0.959596 	1.94071e-12 	-3.93068e-08 	2.73296e-05
0.969697 	3.31694e-12 	-3.54695e-08 	2.00437e-05
0.979798 	4.99005e-12 	-2.95803e-08 	1.29122e-05
0.989899 	7.95278e-12 	-1.47785e-08 	6.4518e-06
