0 	3.43851e-12 	-5.70017e-12 	3.33173e-08
0.010101 	1.3185e-11 	-5.18166e-09 	2.95893e-05
0.020202 	2.046e-11 	-1.03577e-08 	5.91454e-05
0.030303 	2.04705e-11 	-1.29611e-08 	7.42838e-05
0.040404 	1.88347e-11 	-1.49814e-08 	8.61546e-05
0.0505051 	1.67643e-11 	-1.52192e-08 	9.47865e-05
0.0606061 	1.30042e-11 	-1.20794e-08 	9.72944e-05
0.0707071 	9.2442e-12 	-8.93953e-09 	9.98022e-05
0.0808081 	5.48416e-12 	-5.79967e-09 	0.00010231
0.0909091 	1.72413e-12 	-2.65982e-09 	0.000104818
0.10101 	-2.51057e-12 	-1.14153e-09 	0.000106217
0.111111 	-1.62428e-12 	-1.52061e-09 	0.000106317
0.121212 	-7.37994e-13 	-1.89969e-09 	0.000106417
0.131313 	1.48295e-13 	-2.27878e-09 	0.000106517
0.141414 	1.03458e-12 	-2.65786e-09 	0.000106617
0.151515 	1.36888e-12 	-2.53849e-09 	0.000106667
0.161616 	1.19033e-12 	-1.95601e-09 	0.000106671
0.171717 	1.01178e-12 	-1.37353e-09 	0.000106676
0.181818 	8.33234e-13 	-7.91058e-10 	0.00010668
0.191919 	6.54685e-13 	-2.08582e-10 	0.000106684
0.20202 	4.80501e-13 	9.18234e-11 	0.000106685
0.212121 	3.26548e-13 	1.54472e-10 	0.000106685
0.222222 	1.72595e-13 	2.1712e-10 	0.000106685
0.232323 	2.00146e-14 	2.79773e-10 	0.000106684
0.242424 	-1.31421e-13 	3.4243e-10 	0.000106684
0.252525 	-2.82856e-13 	4.05087e-10 	0.000106683
0.262626 	-4.34291e-13 	4.67744e-10 	0.000106683
0.272727 	-5.85726e-13 	5.30402e-10 	0.000106683
0.282828 	-7.37161e-13 	5.93059e-10 	0.000106682
0.292929 	-8.88596e-13 	6.55716e-10 	0.000106682
0.30303 	-8.37982e-13 	6.25962e-10 	0.000106682
0.313131 	-7.06158e-13 	5.17928e-10 	0.000106682
0.323232 	-5.74333e-13 	4.09895e-10 	0.000106682
0.333333 	-4.42509e-13 	3.01862e-10 	0.000106682
0.343434 	-3.10684e-13 	1.93828e-10 	0.000106682
0.353535 	-1.7886e-13 	8.57948e-11 	0.000106682
0.363636 	-4.7035e-14 	-2.22385e-11 	0.000106682
0.373737 	8.47895e-14 	-1.30272e-10 	0.000106682
0.383838 	2.16614e-13 	-2.38305e-10 	0.000106682
0.393939 	3.48439e-13 	-3.46339e-10 	0.000106682
0.40404 	4.78959e-13 	-3.76361e-10 	0.000106682
0.414141 	6.41993e-13 	-3.36543e-10 	0.000106682
0.424242 	8.05027e-13 	-2.96724e-10 	0.000106682
0.434343 	9.6806e-13 	-2.56906e-10 	0.000106682
0.444444 	1.13109e-12 	-2.17088e-10 	0.000106682
0.454545 	1.29413e-12 	-1.7727e-10 	0.000106682
0.464646 	1.45716e-12 	-1.37452e-10 	0.000106682
0.474747 	1.6202e-12 	-9.76336e-11 	0.000106682
0.484848 	1.78323e-12 	-5.78155e-11 	0.000106682
0.494949 	1.94626e-12 	-1.79973e-11 	0.000106682
0.505051 	2.13283e-12 	2.17845e-11 	0.000106682
0.515152 	2.29361e-12 	6.14806e-11 	0.000106682
0.525253 	2.4544e-12 	1.01177e-10 	0.000106682
0.535354 	2.61518e-12 	1.40873e-10 	0.000106682
0.545455 	2.77596e-12 	1.80569e-10 	0.000106682
0.555556 	2.93674e-12 	2.20265e-10 	0.000106682
0.565657 	3.09752e-12 	2.59961e-10 	0.000106682
0.575758 	3.2583e-12 	2.99657e-10 	0.000106682
0.585859 	3.41908e-12 	3.39353e-10 	0.000106682
0.59596 	3.57987e-12 	3.7905e-10 	0.000106682
0.606061 	3.58335e-12 	3.48766e-10 	0.000106682
0.616162 	3.67407e-12 	2.40666e-10 	0.000106682
0.626263 	3.7648e-12 	1.32566e-10 	0.000106682
0.636364 	3.85552e-12 	2.44653e-11 	0.000106682
0.646465 	3.94624e-12 	-8.3635e-11 	0.000106682
0.656566 	4.03696e-12 	-1.91735e-10 	0.000106682
0.666667 	4.12768e-12 	-2.99836e-10 	0.000106682
0.676768 	4.2184e-12 	-4.07936e-10 	0.000106682
0.686869 	4.30912e-12 	-5.16036e-10 	0.000106682
0.69697 	4.39984e-12 	-6.24136e-10 	0.000106682
0.707071 	4.49627e-12 	-6.5358e-10 	0.000106682
0.717172 	4.49155e-12 	-5.90698e-10 	0.000106682
0.727273 	4.48683e-12 	-5.27817e-10 	0.000106683
0.737374 	4.48211e-12 	-4.64935e-10 	0.000106683
0.747475 	4.47739e-12 	-4.02053e-10 	0.000106683
0.757576 	4.47267e-12 	-3.39171e-10 	0.000106684
0.767677 	4.46795e-12 	-2.76289e-10 	0.000106684
0.777778 	4.46323e-12 	-2.13407e-10 	0.000106685
0.787879 	4.45854e-12 	-1.50525e-10 	0.000106685
0.79798 	4.4597e-12 	-8.76387e-11 	0.000106685
0.808081 	3.93518e-12 	2.13865e-10 	0.000106684
0.818182 	2.76734e-12 	7.96741e-10 	0.00010668
0.828283 	1.59951e-12 	1.37962e-09 	0.000106676
0.838384 	4.31674e-13 	1.96249e-09 	0.000106671
0.848485 	-7.36159e-13 	2.54537e-09 	0.000106667
0.858586 	-1.53536e-12 	2.66465e-09 	0.000106617
0.868687 	-1.94077e-12 	2.28871e-09 	0.000106517
0.878788 	-2.34617e-12 	1.91277e-09 	0.000106417
0.888889 	-2.75158e-12 	1.53683e-09 	0.000106317
0.89899 	-3.15699e-12 	1.16089e-09 	0.000106216
0.909091 	1.84504e-12 	2.68839e-09 	0.000104812
0.919192 	6.71725e-12 	5.82847e-09 	0.000102304
0.929293 	1.15895e-11 	8.96856e-09 	9.97963e-05
0.939394 	1.64617e-11 	1.21087e-08 	9.72884e-05
0.949495 	2.13339e-11 	1.52487e-08 	9.47804e-05
0.959596 	2.26203e-11 	1.4994e-08 	8.61261e-05
0.969697 	2.24816e-11 	1.29666e-08 	7.42554e-05
0.979798 	2.09536e-11 	1.03494e-08 	5.90748e-05
0.989899 	1.33914e-11 	5.17112e-09 	2.95175e-05
