0 	2.4436e-13 	-4.71389e-13 	4.74207e-08
0.010101 	-1.53586e-12 	-4.23857e-10 	4.16573e-05
0.020202 	-3.49373e-12 	-8.47248e-10 	8.32669e-05
0.030303 	-3.77684e-12 	-1.0616e-09 	9.44059e-05
0.040404 	-3.6804e-12 	-1.22857e-09 	9.86392e-05
0.0505051 	-3.31781e-12 	-1.2406e-09 	0.00010145
0.0606061 	-2.44213e-12 	-9.58979e-10 	0.000101571
0.0707071 	-1.56645e-12 	-6.77361e-10 	0.000101691
0.0808081 	-6.90768e-13 	-3.95743e-10 	0.000101811
0.0909091 	1.84912e-13 	-1.14125e-10 	0.000101932
0.10101 	5.23942e-13 	3.09323e-11 	0.000101997
0.111111 	6.24604e-13 	1.61401e-11 	0.000101998
0.121212 	7.25266e-13 	1.34792e-12 	0.000101999
0.131313 	8.25928e-13 	-1.34443e-11 	0.000102
0.141414 	9.26591e-13 	-2.82365e-11 	0.000102001
0.151515 	1.03988e-12 	-2.9378e-11 	0.000102001
0.161616 	1.16491e-12 	-1.78368e-11 	0.000102001
0.171717 	1.28994e-12 	-6.29566e-12 	0.000102001
0.181818 	1.41497e-12 	5.24549e-12 	0.000102001
0.191919 	1.54e-12 	1.67866e-11 	0.000102001
0.20202 	1.61363e-12 	2.13737e-11 	0.000102001
0.212121 	1.643e-12 	2.01042e-11 	0.000102001
0.222222 	1.67237e-12 	1.88346e-11 	0.000102001
0.232323 	1.70182e-12 	1.75649e-11 	0.000102001
0.242424 	1.73133e-12 	1.62951e-11 	0.000102001
0.252525 	1.76085e-12 	1.50252e-11 	0.000102001
0.262626 	1.79036e-12 	1.37554e-11 	0.000102001
0.272727 	1.81987e-12 	1.24855e-11 	0.000102001
0.282828 	1.84938e-12 	1.12157e-11 	0.000102001
0.292929 	1.8789e-12 	9.94585e-12 	0.000102001
0.30303 	1.89282e-12 	8.8566e-12 	0.000102001
0.313131 	1.89275e-12 	7.92033e-12 	0.000102001
0.323232 	1.89268e-12 	6.98406e-12 	0.000102001
0.333333 	1.89262e-12 	6.04779e-12 	0.000102001
0.343434 	1.89255e-12 	5.11152e-12 	0.000102001
0.353535 	1.89248e-12 	4.17525e-12 	0.000102001
0.363636 	1.89241e-12 	3.23898e-12 	0.000102001
0.373737 	1.89234e-12 	2.30271e-12 	0.000102001
0.383838 	1.89227e-12 	1.36645e-12 	0.000102001
0.393939 	1.8922e-12 	4.30176e-13 	0.000102001
0.40404 	1.87105e-12 	1.039e-13 	0.000102001
0.414141 	1.83143e-12 	3.23578e-13 	0.000102001
0.424242 	1.7918e-12 	5.43255e-13 	0.000102001
0.434343 	1.75218e-12 	7.62933e-13 	0.000102001
0.444444 	1.71255e-12 	9.82611e-13 	0.000102001
0.454545 	1.67292e-12 	1.20229e-12 	0.000102001
0.464646 	1.6333e-12 	1.42197e-12 	0.000102001
0.474747 	1.59367e-12 	1.64164e-12 	0.000102001
0.484848 	1.55405e-12 	1.86132e-12 	0.000102001
0.494949 	1.51442e-12 	2.081e-12 	0.000102001
0.505051 	1.49485e-12 	2.29059e-12 	0.000102001
0.515152 	1.49474e-12 	2.48949e-12 	0.000102001
0.525253 	1.49463e-12 	2.6884e-12 	0.000102001
0.535354 	1.49452e-12 	2.88731e-12 	0.000102001
0.545455 	1.4944e-12 	3.08622e-12 	0.000102001
0.555556 	1.49429e-12 	3.28512e-12 	0.000102001
0.565657 	1.49418e-12 	3.48403e-12 	0.000102001
0.575758 	1.49407e-12 	3.68294e-12 	0.000102001
0.585859 	1.49396e-12 	3.88185e-12 	0.000102001
0.59596 	1.49384e-12 	4.08075e-12 	0.000102001
0.606061 	1.5023e-12 	3.71835e-12 	0.000102001
0.616162 	1.52274e-12 	2.73063e-12 	0.000102001
0.626263 	1.54318e-12 	1.74291e-12 	0.000102001
0.636364 	1.56362e-12 	7.55196e-13 	0.000102001
0.646465 	1.58406e-12 	-2.3252e-13 	0.000102001
0.656566 	1.6045e-12 	-1.22024e-12 	0.000102001
0.666667 	1.62494e-12 	-2.20795e-12 	0.000102001
0.676768 	1.64538e-12 	-3.19567e-12 	0.000102001
0.686869 	1.66582e-12 	-4.18339e-12 	0.000102001
0.69697 	1.68626e-12 	-5.1711e-12 	0.000102001
0.707071 	1.96589e-12 	-6.39363e-12 	0.000102001
0.717172 	2.56032e-12 	-7.90148e-12 	0.000102001
0.727273 	3.15476e-12 	-9.40933e-12 	0.000102001
0.737374 	3.74919e-12 	-1.09172e-11 	0.000102001
0.747475 	4.34362e-12 	-1.2425e-11 	0.000102001
0.757576 	4.93806e-12 	-1.39329e-11 	0.000102001
0.767677 	5.53249e-12 	-1.54407e-11 	0.000102001
0.777778 	6.12692e-12 	-1.69486e-11 	0.000102001
0.787879 	6.72136e-12 	-1.84564e-11 	0.000102001
0.79798 	7.31523e-12 	-1.99637e-11 	0.000102001
0.808081 	7.50074e-12 	-1.59708e-11 	0.000102001
0.818182 	7.20471e-12 	-5.49069e-12 	0.000102001
0.828283 	6.90867e-12 	4.98939e-12 	0.000102001
0.838384 	6.61264e-12 	1.54695e-11 	0.000102001
0.848485 	6.3166e-12 	2.59495e-11 	0.000102001
0.858586 	5.70967e-12 	2.45768e-11 	0.000102001
0.868687 	4.77063e-12 	1.05423e-11 	0.000102
0.878788 	3.83159e-12 	-3.49222e-12 	0.000101999
0.888889 	2.89255e-12 	-1.75267e-11 	0.000101998
0.89899 	1.95351e-12 	-3.15612e-11 	0.000101997
0.909091 	2.28751e-12 	1.14885e-10 	0.000101931
0.919192 	3.37928e-12 	3.97239e-10 	0.000101811
0.929293 	4.47105e-12 	6.79594e-10 	0.000101691
0.939394 	5.56282e-12 	9.61949e-10 	0.00010157
0.949495 	6.65459e-12 	1.2443e-09 	0.00010145
0.959596 	6.08381e-12 	1.22938e-09 	9.86292e-05
0.969697 	4.63688e-12 	1.05923e-09 	9.43959e-05
0.979798 	3.20034e-12 	8.42074e-10 	8.31678e-05
0.989899 	1.80893e-12 	4.20749e-10 	4.15563e-05
