0 	6.54202e-12 	1.61542e-11 	9.36889e-09
0.010101 	7.65394e-12 	1.6328e-08 	8.27525e-06
0.020202 	4.04959e-12 	3.26414e-08 	1.65411e-05
0.030303 	1.52488e-12 	3.91178e-08 	2.55078e-05
0.040404 	-7.55152e-13 	4.33647e-08 	3.46334e-05
0.0505051 	-8.5366e-12 	4.24775e-08 	4.3617e-05
0.0606061 	-8.94995e-12 	3.18596e-08 	5.23414e-05
0.0707071 	-9.3633e-12 	2.12418e-08 	6.10657e-05
0.0808081 	-9.77665e-12 	1.0624e-08 	6.97901e-05
0.0909091 	-1.019e-11 	6.17624e-12 	7.85145e-05
0.10101 	-1.10345e-11 	-5.42127e-09 	8.5535e-05
0.111111 	-1.01773e-11 	-4.77739e-09 	9.05596e-05
0.121212 	-9.32009e-12 	-4.13352e-09 	9.55842e-05
0.131313 	-8.46291e-12 	-3.48965e-09 	0.000100609
0.141414 	-7.60572e-12 	-2.84578e-09 	0.000105633
0.151515 	-6.44696e-12 	-2.03785e-09 	0.000109945
0.161616 	-5.00802e-12 	-1.07751e-09 	0.000113595
0.171717 	-3.56907e-12 	-1.17159e-10 	0.000117245
0.181818 	-2.13013e-12 	8.43187e-10 	0.000120895
0.191919 	-6.91179e-13 	1.80353e-09 	0.000124544
0.20202 	3.38087e-13 	2.33152e-09 	0.000127294
0.212121 	8.43336e-13 	2.49507e-09 	0.000129287
0.222222 	1.34859e-12 	2.65862e-09 	0.000131279
0.232323 	1.88302e-12 	2.82217e-09 	0.000133271
0.242424 	2.4418e-12 	2.98572e-09 	0.000135263
0.252525 	3.00057e-12 	3.14927e-09 	0.000137255
0.262626 	3.55934e-12 	3.31282e-09 	0.000139247
0.272727 	4.11812e-12 	3.47637e-09 	0.000141239
0.282828 	4.67689e-12 	3.63992e-09 	0.000143232
0.292929 	5.23567e-12 	3.80347e-09 	0.000145224
0.30303 	5.02384e-12 	3.65626e-09 	0.000146337
0.313131 	4.07228e-12 	3.24557e-09 	0.000146706
0.323232 	3.12073e-12 	2.83489e-09 	0.000147075
0.333333 	2.16918e-12 	2.42421e-09 	0.000147444
0.343434 	1.21762e-12 	2.01353e-09 	0.000147813
0.353535 	2.66068e-13 	1.60284e-09 	0.000148182
0.363636 	-6.85486e-13 	1.19216e-09 	0.000148551
0.373737 	-1.63704e-12 	7.81478e-10 	0.00014892
0.383838 	-2.58859e-12 	3.70796e-10 	0.000149289
0.393939 	-3.54015e-12 	-3.98868e-11 	0.000149658
0.40404 	-4.20898e-12 	-2.21201e-10 	0.000149869
0.414141 	-4.41935e-12 	-1.97278e-10 	0.000149937
0.424242 	-4.62972e-12 	-1.73354e-10 	0.000150006
0.434343 	-4.84009e-12 	-1.4943e-10 	0.000150074
0.444444 	-5.05046e-12 	-1.25507e-10 	0.000150143
0.454545 	-5.26083e-12 	-1.01583e-10 	0.000150211
0.464646 	-5.4712e-12 	-7.76597e-11 	0.00015028
0.474747 	-5.68157e-12 	-5.37362e-11 	0.000150349
0.484848 	-5.89193e-12 	-2.98126e-11 	0.000150417
0.494949 	-6.1023e-12 	-5.88904e-12 	0.000150486
0.505051 	-5.75478e-12 	1.80137e-11 	0.000150486
0.515152 	-5.15088e-12 	4.15934e-11 	0.000150417
0.525253 	-4.54699e-12 	6.51732e-11 	0.000150348
0.535354 	-3.94309e-12 	8.8753e-11 	0.00015028
0.545455 	-3.33919e-12 	1.12333e-10 	0.000150211
0.555556 	-2.7353e-12 	1.35913e-10 	0.000150142
0.565657 	-2.1314e-12 	1.59492e-10 	0.000150074
0.575758 	-1.52751e-12 	1.83072e-10 	0.000150005
0.585859 	-9.23614e-13 	2.06652e-10 	0.000149937
0.59596 	-3.19718e-13 	2.30232e-10 	0.000149868
0.606061 	2.7915e-13 	4.83962e-11 	0.000149657
0.616162 	1.12464e-12 	-3.62457e-10 	0.000149288
0.626263 	1.97012e-12 	-7.7331e-10 	0.000148919
0.636364 	2.81561e-12 	-1.18416e-09 	0.00014855
0.646465 	3.66109e-12 	-1.59502e-09 	0.000148181
0.656566 	4.50658e-12 	-2.00587e-09 	0.000147812
0.666667 	5.35206e-12 	-2.41672e-09 	0.000147443
0.676768 	6.19755e-12 	-2.82757e-09 	0.000147074
0.686869 	7.04303e-12 	-3.23843e-09 	0.000146705
0.69697 	7.88852e-12 	-3.64928e-09 	0.000146336
0.707071 	7.38447e-12 	-3.79621e-09 	0.00014522
0.717172 	6.41469e-12 	-3.63376e-09 	0.000143227
0.727273 	5.4449e-12 	-3.47132e-09 	0.000141235
0.737374 	4.47512e-12 	-3.30888e-09 	0.000139243
0.747475 	3.50533e-12 	-3.14643e-09 	0.00013725
0.757576 	2.53555e-12 	-2.98399e-09 	0.000135258
0.767677 	1.56576e-12 	-2.82154e-09 	0.000133266
0.777778 	5.95978e-13 	-2.6591e-09 	0.000131273
0.787879 	-3.74113e-13 	-2.49666e-09 	0.000129281
0.79798 	-1.40472e-12 	-2.33411e-09 	0.000127288
0.808081 	-2.81022e-12 	-1.8061e-09 	0.000124535
0.818182 	-4.74342e-12 	-8.47003e-10 	0.000120885
0.828283 	-6.67663e-12 	1.12099e-10 	0.000117235
0.838384 	-8.60983e-12 	1.0712e-09 	0.000113585
0.848485 	-1.0543e-11 	2.0303e-09 	0.000109935
0.858586 	-1.20469e-11 	2.83717e-09 	0.00010562
0.868687 	-1.3092e-11 	3.48141e-09 	0.000100595
0.878788 	-1.41372e-11 	4.12565e-09 	9.55707e-05
0.888889 	-1.51824e-11 	4.76989e-09 	9.0546e-05
0.89899 	-1.62276e-11 	5.41413e-09 	8.55212e-05
0.909091 	-1.51118e-11 	-3.68113e-11 	7.84926e-05
0.919192 	-1.39914e-11 	-1.06531e-08 	6.97682e-05
0.929293 	-1.2871e-11 	-2.12694e-08 	6.10438e-05
0.939394 	-1.17505e-11 	-3.18857e-08 	5.23193e-05
0.949495 	-1.06301e-11 	-4.2502e-08 	4.35949e-05
0.959596 	-1.98429e-12 	-4.33526e-08 	3.46106e-05
0.969697 	1.34751e-12 	-3.91042e-08 	2.54853e-05
0.979798 	4.66233e-12 	-3.25982e-08 	1.65208e-05
0.989899 	7.90345e-12 	-1.62862e-08 	8.25487e-06
