0 	6.29255e-12 	1.43293e-11 	7.19869e-09
0.010101 	7.96697e-12 	1.44556e-08 	6.35836e-06
0.020202 	5.10546e-12 	2.88982e-08 	1.27095e-05
0.030303 	3.46334e-12 	3.46119e-08 	1.97298e-05
0.040404 	2.09757e-12 	3.83474e-08 	2.69017e-05
0.0505051 	-3.79413e-12 	3.75561e-08 	3.4108e-05
0.0606061 	-3.74085e-12 	2.8185e-08 	4.1387e-05
0.0707071 	-3.68757e-12 	1.88139e-08 	4.86659e-05
0.0808081 	-3.63429e-12 	9.44286e-09 	5.59448e-05
0.0909091 	-3.58101e-12 	7.17884e-11 	6.32237e-05
0.10101 	-4.65179e-12 	-4.48449e-09 	6.9487e-05
0.111111 	-3.86807e-12 	-3.40842e-09 	7.45597e-05
0.121212 	-3.08436e-12 	-2.33235e-09 	7.96324e-05
0.131313 	-2.30064e-12 	-1.25628e-09 	8.47051e-05
0.141414 	-1.51693e-12 	-1.80208e-10 	8.97779e-05
0.151515 	-7.10869e-13 	5.67089e-10 	9.50753e-05
0.161616 	1.15945e-13 	1.00893e-09 	0.000100582
0.171717 	9.4276e-13 	1.45077e-09 	0.000106088
0.181818 	1.76957e-12 	1.89261e-09 	0.000111594
0.191919 	2.59639e-12 	2.33444e-09 	0.000117101
0.20202 	3.11306e-12 	2.59979e-09 	0.000122018
0.212121 	3.2726e-12 	2.71634e-09 	0.000126438
0.222222 	3.43215e-12 	2.8329e-09 	0.000130859
0.232323 	3.61484e-12 	2.94944e-09 	0.000135279
0.242424 	3.81683e-12 	3.06597e-09 	0.0001397
0.252525 	4.01883e-12 	3.18251e-09 	0.00014412
0.262626 	4.22083e-12 	3.29904e-09 	0.000148541
0.272727 	4.42282e-12 	3.41557e-09 	0.000152961
0.282828 	4.62482e-12 	3.53211e-09 	0.000157382
0.292929 	4.82682e-12 	3.64864e-09 	0.000161802
0.30303 	4.44535e-12 	3.49423e-09 	0.000164802
0.313131 	3.51303e-12 	3.11009e-09 	0.000166598
0.323232 	2.5807e-12 	2.72595e-09 	0.000168395
0.333333 	1.64838e-12 	2.34182e-09 	0.000170191
0.343434 	7.16053e-13 	1.95768e-09 	0.000171987
0.353535 	-2.16272e-13 	1.57354e-09 	0.000173783
0.363636 	-1.1486e-12 	1.1894e-09 	0.000175579
0.373737 	-2.08092e-12 	8.05265e-10 	0.000177375
0.383838 	-3.01325e-12 	4.21127e-10 	0.000179171
0.393939 	-3.94557e-12 	3.69896e-11 	0.000180967
0.40404 	-4.698e-12 	-1.36144e-10 	0.000182123
0.414141 	-5.10425e-12 	-1.20469e-10 	0.000182705
0.424242 	-5.5105e-12 	-1.04793e-10 	0.000183287
0.434343 	-5.91675e-12 	-8.91173e-11 	0.000183869
0.444444 	-6.323e-12 	-7.34416e-11 	0.000184451
0.454545 	-6.72925e-12 	-5.77659e-11 	0.000185033
0.464646 	-7.1355e-12 	-4.20902e-11 	0.000185615
0.474747 	-7.54175e-12 	-2.64146e-11 	0.000186196
0.484848 	-7.948e-12 	-1.07389e-11 	0.000186778
0.494949 	-8.35425e-12 	4.93676e-12 	0.00018736
0.505051 	-8.11424e-12 	2.06828e-11 	0.00018736
0.515152 	-7.49945e-12 	3.6227e-11 	0.000186778
0.525253 	-6.88466e-12 	5.17712e-11 	0.000186196
0.535354 	-6.26986e-12 	6.73153e-11 	0.000185614
0.545455 	-5.65507e-12 	8.28595e-11 	0.000185031
0.555556 	-5.04028e-12 	9.84037e-11 	0.000184449
0.565657 	-4.42548e-12 	1.13948e-10 	0.000183867
0.575758 	-3.81069e-12 	1.29492e-10 	0.000183285
0.585859 	-3.1959e-12 	1.45036e-10 	0.000182703
0.59596 	-2.5811e-12 	1.60581e-10 	0.00018212
0.606061 	-1.93754e-12 	-1.26728e-11 	0.000180964
0.616162 	-1.09839e-12 	-3.96482e-10 	0.000179167
0.626263 	-2.5924e-13 	-7.80291e-10 	0.000177371
0.636364 	5.79909e-13 	-1.1641e-09 	0.000175575
0.646465 	1.41906e-12 	-1.54791e-09 	0.000173778
0.656566 	2.25821e-12 	-1.93172e-09 	0.000171982
0.666667 	3.09736e-12 	-2.31553e-09 	0.000170185
0.676768 	3.9365e-12 	-2.69934e-09 	0.000168389
0.686869 	4.77565e-12 	-3.08315e-09 	0.000166593
0.69697 	5.6148e-12 	-3.46695e-09 	0.000164796
0.707071 	5.64565e-12 	-3.62106e-09 	0.000161793
0.717172 	5.51755e-12 	-3.50556e-09 	0.000157372
0.727273 	5.38946e-12 	-3.39005e-09 	0.000152951
0.737374 	5.26137e-12 	-3.27454e-09 	0.000148531
0.747475 	5.13328e-12 	-3.15903e-09 	0.00014411
0.757576 	5.00518e-12 	-3.04353e-09 	0.000139689
0.767677 	4.87709e-12 	-2.92802e-09 	0.000135268
0.777778 	4.749e-12 	-2.81251e-09 	0.000130847
0.787879 	4.62069e-12 	-2.697e-09 	0.000126427
0.79798 	4.44965e-12 	-2.58143e-09 	0.000122006
0.808081 	4.06067e-12 	-2.31735e-09 	0.000117087
0.818182 	3.31336e-12 	-1.87812e-09 	0.00011158
0.828283 	2.56605e-12 	-1.43888e-09 	0.000106074
0.838384 	1.81874e-12 	-9.99651e-10 	0.000100567
0.848485 	1.07142e-12 	-5.60418e-10 	9.50608e-05
0.858586 	2.89031e-13 	1.85951e-10 	8.97641e-05
0.868687 	-5.30835e-13 	1.26042e-09 	8.46914e-05
0.878788 	-1.3507e-12 	2.33488e-09 	7.96186e-05
0.888889 	-2.17057e-12 	3.40935e-09 	7.45459e-05
0.89899 	-2.99043e-12 	4.48381e-09 	6.94731e-05
0.909091 	-2.10115e-12 	-9.51186e-11 	6.32051e-05
0.919192 	-2.39502e-12 	-9.46474e-09 	5.59262e-05
0.929293 	-2.68889e-12 	-1.88344e-08 	4.86473e-05
0.939394 	-2.98276e-12 	-2.8204e-08 	4.13684e-05
0.949495 	-3.27663e-12 	-3.75736e-08 	3.40895e-05
0.959596 	2.4325e-12 	-3.83329e-08 	2.68836e-05
0.969697 	3.73232e-12 	-3.45967e-08 	1.97119e-05
0.979798 	5.29629e-12 	-2.88575e-08 	1.26938e-05
0.989899 	8.00767e-12 	-1.44173e-08 	6.34267e-06
