0 	6.45197e-12 	1.48289e-11 	7.37314e-09
0.010101 	8.04557e-12 	1.49582e-08 	6.51246e-06
0.020202 	4.98823e-12 	2.99031e-08 	1.30175e-05
0.030303 	3.27739e-12 	3.58242e-08 	2.01975e-05
0.040404 	1.87172e-12 	3.97002e-08 	2.75304e-05
0.0505051 	-4.23654e-12 	3.88934e-08 	3.48859e-05
0.0606061 	-4.18666e-12 	2.92112e-08 	4.2292e-05
0.0707071 	-4.13678e-12 	1.9529e-08 	4.9698e-05
0.0808081 	-4.0869e-12 	9.84682e-09 	5.71041e-05
0.0909091 	-4.03702e-12 	1.64635e-10 	6.45101e-05
0.10101 	-5.1222e-12 	-4.54964e-09 	7.08474e-05
0.111111 	-4.37731e-12 	-3.45246e-09 	7.59318e-05
0.121212 	-3.63243e-12 	-2.35529e-09 	8.10163e-05
0.131313 	-2.88754e-12 	-1.25811e-09 	8.61007e-05
0.141414 	-2.14265e-12 	-1.60933e-10 	9.11852e-05
0.151515 	-1.32718e-12 	6.14231e-10 	9.64182e-05
0.161616 	-4.46155e-13 	1.09022e-09 	0.000101789
0.171717 	4.34875e-13 	1.5662e-09 	0.00010716
0.181818 	1.3159e-12 	2.04219e-09 	0.000112531
0.191919 	2.19693e-12 	2.51818e-09 	0.000117902
0.20202 	2.7556e-12 	2.79871e-09 	0.000122635
0.212121 	2.94242e-12 	2.91447e-09 	0.000126831
0.222222 	3.12924e-12 	3.03022e-09 	0.000131027
0.232323 	3.34053e-12 	3.14597e-09 	0.000135222
0.242424 	3.57222e-12 	3.26171e-09 	0.000139418
0.252525 	3.80391e-12 	3.37744e-09 	0.000143613
0.262626 	4.0356e-12 	3.49318e-09 	0.000147809
0.272727 	4.26729e-12 	3.60892e-09 	0.000152005
0.282828 	4.49898e-12 	3.72465e-09 	0.0001562
0.292929 	4.73067e-12 	3.84039e-09 	0.000160396
0.30303 	4.34245e-12 	3.67484e-09 	0.000163191
0.313131 	3.37233e-12 	3.27079e-09 	0.000164798
0.323232 	2.40221e-12 	2.86674e-09 	0.000166406
0.333333 	1.43209e-12 	2.46269e-09 	0.000168014
0.343434 	4.61977e-13 	2.05865e-09 	0.000169622
0.353535 	-5.08141e-13 	1.6546e-09 	0.000171229
0.363636 	-1.47826e-12 	1.25055e-09 	0.000172837
0.373737 	-2.44838e-12 	8.46501e-10 	0.000174445
0.383838 	-3.41849e-12 	4.42452e-10 	0.000176053
0.393939 	-4.38861e-12 	3.84039e-11 	0.000177661
0.40404 	-5.16745e-12 	-1.43762e-10 	0.000178685
0.414141 	-5.57989e-12 	-1.27383e-10 	0.000179188
0.424242 	-5.99233e-12 	-1.11005e-10 	0.00017969
0.434343 	-6.40477e-12 	-9.4626e-11 	0.000180192
0.444444 	-6.8172e-12 	-7.82476e-11 	0.000180695
0.454545 	-7.22964e-12 	-6.18691e-11 	0.000181197
0.464646 	-7.64208e-12 	-4.54906e-11 	0.0001817
0.474747 	-8.05452e-12 	-2.91121e-11 	0.000182202
0.484848 	-8.46696e-12 	-1.27336e-11 	0.000182704
0.494949 	-8.8794e-12 	3.6449e-12 	0.000183207
0.505051 	-8.62015e-12 	2.01066e-11 	0.000183207
0.515152 	-7.9754e-12 	3.63646e-11 	0.000182704
0.525253 	-7.33065e-12 	5.26226e-11 	0.000182202
0.535354 	-6.6859e-12 	6.88806e-11 	0.000181699
0.545455 	-6.04115e-12 	8.51387e-11 	0.000181196
0.555556 	-5.3964e-12 	1.01397e-10 	0.000180694
0.565657 	-4.75165e-12 	1.17655e-10 	0.000180191
0.575758 	-4.1069e-12 	1.33913e-10 	0.000179688
0.585859 	-3.46215e-12 	1.50171e-10 	0.000179186
0.59596 	-2.8174e-12 	1.66429e-10 	0.000178683
0.606061 	-2.14596e-12 	-1.58287e-11 	0.000177657
0.616162 	-1.28089e-12 	-4.1948e-10 	0.000176049
0.626263 	-4.15813e-13 	-8.23132e-10 	0.000174441
0.636364 	4.49262e-13 	-1.22678e-09 	0.000172833
0.646465 	1.31434e-12 	-1.63043e-09 	0.000171225
0.656566 	2.17941e-12 	-2.03409e-09 	0.000169617
0.666667 	3.04449e-12 	-2.43774e-09 	0.000168009
0.676768 	3.90956e-12 	-2.84139e-09 	0.000166401
0.686869 	4.77464e-12 	-3.24504e-09 	0.000164793
0.69697 	5.63971e-12 	-3.64869e-09 	0.000163185
0.707071 	5.62996e-12 	-3.81383e-09 	0.000160387
0.717172 	5.43981e-12 	-3.69903e-09 	0.000156191
0.727273 	5.24965e-12 	-3.58423e-09 	0.000151995
0.737374 	5.05949e-12 	-3.46943e-09 	0.000147799
0.747475 	4.86933e-12 	-3.35463e-09 	0.000143604
0.757576 	4.67917e-12 	-3.23983e-09 	0.000139408
0.767677 	4.48902e-12 	-3.12503e-09 	0.000135212
0.777778 	4.29886e-12 	-3.01023e-09 	0.000131016
0.787879 	4.10847e-12 	-2.89543e-09 	0.00012682
0.79798 	3.87228e-12 	-2.78055e-09 	0.000122624
0.808081 	3.41319e-12 	-2.5012e-09 	0.000117889
0.818182 	2.58338e-12 	-2.02783e-09 	0.000112518
0.828283 	1.75357e-12 	-1.55447e-09 	0.000107147
0.838384 	9.23752e-13 	-1.0811e-09 	0.000101775
0.848485 	9.39379e-14 	-6.07737e-10 	9.64042e-05
0.858586 	-7.31814e-13 	1.66454e-10 	9.11716e-05
0.868687 	-1.55323e-12 	1.262e-09 	8.6087e-05
0.878788 	-2.37464e-12 	2.35755e-09 	8.10025e-05
0.888889 	-3.19605e-12 	3.4531e-09 	7.5918e-05
0.89899 	-4.01746e-12 	4.54865e-09 	7.08334e-05
0.909091 	-3.10177e-12 	-1.88991e-10 	6.44912e-05
0.919192 	-3.33587e-12 	-9.86967e-09 	5.70851e-05
0.929293 	-3.56996e-12 	-1.95504e-08 	4.96791e-05
0.939394 	-3.80406e-12 	-2.9231e-08 	4.2273e-05
0.949495 	-4.03816e-12 	-3.89117e-08 	3.4867e-05
0.959596 	1.96836e-12 	-3.96853e-08 	2.75118e-05
0.969697 	3.40517e-12 	-3.58085e-08 	2.01792e-05
0.979798 	5.12223e-12 	-2.9861e-08 	1.30015e-05
0.989899 	8.05666e-12 	-1.49187e-08 	6.49638e-06
