0 	6.64401e-12 	1.5439e-11 	7.61895e-09
0.010101 	8.09252e-12 	1.5573e-08 	6.72963e-06
0.020202 	4.7515e-12 	3.1132e-08 	1.34516e-05
0.030303 	2.91491e-12 	3.73081e-08 	2.08561e-05
0.040404 	1.41928e-12 	4.13577e-08 	2.84153e-05
0.0505051 	-4.98056e-12 	4.05334e-08 	3.598e-05
0.0606061 	-4.91288e-12 	3.04718e-08 	4.35631e-05
0.0707071 	-4.8452e-12 	2.04101e-08 	5.11461e-05
0.0808081 	-4.77752e-12 	1.03484e-08 	5.87292e-05
0.0909091 	-4.70984e-12 	2.86722e-10 	6.63122e-05
0.10101 	-5.75194e-12 	-4.62541e-09 	7.27507e-05
0.111111 	-4.95737e-12 	-3.51363e-09 	7.78477e-05
0.121212 	-4.1628e-12 	-2.40185e-09 	8.29447e-05
0.131313 	-3.36824e-12 	-1.29007e-09 	8.80417e-05
0.141414 	-2.57367e-12 	-1.78295e-10 	9.31387e-05
0.151515 	-1.67035e-12 	6.29253e-10 	9.82764e-05
0.161616 	-6.65984e-13 	1.15415e-09 	0.000103452
0.171717 	3.38379e-13 	1.67904e-09 	0.000108627
0.181818 	1.34274e-12 	2.20393e-09 	0.000113803
0.191919 	2.3471e-12 	2.72882e-09 	0.000118978
0.20202 	2.9914e-12 	3.03135e-09 	0.000123455
0.212121 	3.22519e-12 	3.14642e-09 	0.000127343
0.222222 	3.45897e-12 	3.2615e-09 	0.000131231
0.232323 	3.71885e-12 	3.37656e-09 	0.000135119
0.242424 	4.0005e-12 	3.49161e-09 	0.000139007
0.252525 	4.28214e-12 	3.60666e-09 	0.000142895
0.262626 	4.56378e-12 	3.72171e-09 	0.000146783
0.272727 	4.84543e-12 	3.83677e-09 	0.000150671
0.282828 	5.12707e-12 	3.95182e-09 	0.000154559
0.292929 	5.40871e-12 	4.06687e-09 	0.000158447
0.30303 	5.00372e-12 	3.88826e-09 	0.000160972
0.313131 	3.95972e-12 	3.46065e-09 	0.000162341
0.323232 	2.91572e-12 	3.03304e-09 	0.00016371
0.333333 	1.87172e-12 	2.60543e-09 	0.00016508
0.343434 	8.2772e-13 	2.17782e-09 	0.000166449
0.353535 	-2.16279e-13 	1.75021e-09 	0.000167818
0.363636 	-1.26028e-12 	1.3226e-09 	0.000169188
0.373737 	-2.30428e-12 	8.94994e-10 	0.000170557
0.383838 	-3.34828e-12 	4.67385e-10 	0.000171927
0.393939 	-4.39228e-12 	3.97764e-11 	0.000173296
0.40404 	-5.22286e-12 	-1.52979e-10 	0.000174157
0.414141 	-5.65518e-12 	-1.35584e-10 	0.000174562
0.424242 	-6.0875e-12 	-1.18189e-10 	0.000174968
0.434343 	-6.51981e-12 	-1.00794e-10 	0.000175373
0.444444 	-6.95213e-12 	-8.33998e-11 	0.000175779
0.454545 	-7.38445e-12 	-6.60051e-11 	0.000176184
0.464646 	-7.81676e-12 	-4.86104e-11 	0.000176589
0.474747 	-8.24908e-12 	-3.12157e-11 	0.000176995
0.484848 	-8.6814e-12 	-1.3821e-11 	0.0001774
0.494949 	-9.11371e-12 	3.57364e-12 	0.000177805
0.505051 	-8.83544e-12 	2.10553e-11 	0.000177805
0.515152 	-8.15041e-12 	3.83194e-11 	0.0001774
0.525253 	-7.46537e-12 	5.55834e-11 	0.000176994
0.535354 	-6.78033e-12 	7.28475e-11 	0.000176589
0.545455 	-6.0953e-12 	9.01115e-11 	0.000176183
0.555556 	-5.41026e-12 	1.07376e-10 	0.000175777
0.565657 	-4.72523e-12 	1.2464e-10 	0.000175372
0.575758 	-4.04019e-12 	1.41904e-10 	0.000174966
0.585859 	-3.35516e-12 	1.59168e-10 	0.000174561
0.59596 	-2.67012e-12 	1.76432e-10 	0.000174155
0.606061 	-1.9566e-12 	-1.64304e-11 	0.000173293
0.616162 	-1.04579e-12 	-4.43634e-10 	0.000171924
0.626263 	-1.34979e-13 	-8.70838e-10 	0.000170554
0.636364 	7.7583e-13 	-1.29804e-09 	0.000169184
0.646465 	1.68664e-12 	-1.72525e-09 	0.000167815
0.656566 	2.59745e-12 	-2.15245e-09 	0.000166445
0.666667 	3.50826e-12 	-2.57965e-09 	0.000165076
0.676768 	4.41907e-12 	-3.00686e-09 	0.000163706
0.686869 	5.32988e-12 	-3.43406e-09 	0.000162337
0.69697 	6.24069e-12 	-3.86127e-09 	0.000160967
0.707071 	6.17983e-12 	-4.03953e-09 	0.000158439
0.717172 	5.89628e-12 	-3.92563e-09 	0.000154551
0.727273 	5.61274e-12 	-3.81174e-09 	0.000150663
0.737374 	5.32919e-12 	-3.69784e-09 	0.000146774
0.747475 	5.04564e-12 	-3.58395e-09 	0.000142886
0.757576 	4.7621e-12 	-3.47005e-09 	0.000138998
0.767677 	4.47855e-12 	-3.35615e-09 	0.00013511
0.777778 	4.19501e-12 	-3.24226e-09 	0.000131221
0.787879 	3.91121e-12 	-3.12836e-09 	0.000127333
0.79798 	3.57775e-12 	-3.01438e-09 	0.000123445
0.808081 	3.00457e-12 	-2.71306e-09 	0.000118966
0.818182 	2.03378e-12 	-2.19075e-09 	0.00011379
0.828283 	1.063e-12 	-1.66844e-09 	0.000108614
0.838384 	9.22089e-14 	-1.14613e-09 	0.000103438
0.848485 	-8.78578e-13 	-6.23814e-10 	9.82628e-05
0.858586 	-1.79255e-12 	1.82829e-10 	9.31251e-05
0.868687 	-2.64584e-12 	1.29321e-09 	8.8028e-05
0.878788 	-3.49912e-12 	2.40359e-09 	8.29309e-05
0.888889 	-4.35241e-12 	3.51397e-09 	7.78338e-05
0.89899 	-5.20569e-12 	4.62435e-09 	7.27367e-05
0.909091 	-4.2786e-12 	-3.11957e-10 	6.62929e-05
0.919192 	-4.44511e-12 	-1.03722e-08 	5.87098e-05
0.929293 	-4.61163e-12 	-2.04325e-08 	5.11268e-05
0.939394 	-4.77814e-12 	-3.04928e-08 	4.35438e-05
0.949495 	-4.94465e-12 	-4.05531e-08 	3.59607e-05
0.959596 	1.43772e-12 	-4.13427e-08 	2.83963e-05
0.969697 	3.05227e-12 	-3.72922e-08 	2.08373e-05
0.979798 	4.95967e-12 	-3.10885e-08 	1.3435e-05
0.989899 	8.13913e-12 	-1.5532e-08 	6.71303e-06
